trade_date,ts_code,open,high,low,close,pre_close,change,pct_change,vol,amount
20110111,002536.SZ,36.99,43.0,36.9,38.58,36.0,2.58,7.17,138584.29,549635.0334
20110112,002536.SZ,36.15,38.5,36.15,37.1,38.58,-1.48,-3.84,63067.54,233973.3946
20110113,002536.SZ,36.8,38.45,36.21,38.07,37.1,0.97,2.61,48501.39,180859.713
20110114,002536.SZ,37.5,37.79,35.09,35.4,38.07,-2.67,-7.01,38475.23,140913.6224
20110117,002536.SZ,34.7,34.7,32.61,32.82,35.4,-2.58,-7.29,29188.52,97535.955
20110118,002536.SZ,32.6,33.66,32.17,32.89,32.82,0.07,0.21,16270.1,53747.9719
20110119,002536.SZ,33.28,33.63,32.68,33.32,32.89,0.43,1.31,20305.74,67385.436
20110120,002536.SZ,33.3,33.33,31.4,31.45,33.32,-1.87,-5.61,21105.94,68323.7822
20110121,002536.SZ,31.3,32.71,31.03,32.1,31.45,0.65,2.07,16756.83,53391.4098
20110124,002536.SZ,32.1,33.28,31.9,31.9,32.1,-0.2,-0.62,13768.65,44759.4896
20110125,002536.SZ,31.89,33.19,31.03,33.13,31.9,1.23,3.86,22074.63,71360.0588
20110126,002536.SZ,32.8,33.75,32.6,33.42,33.13,0.29,0.88,16210.27,53821.861
20110127,002536.SZ,33.25,34.18,32.6,33.82,33.42,0.4,1.2,18509.13,61761.6282
20110128,002536.SZ,33.88,33.94,33.18,33.35,33.82,-0.47,-1.39,12772.76,42806.5004
20110131,002536.SZ,33.24,34.16,33.06,33.52,33.35,0.17,0.51,23623.52,79641.9159
20110201,002536.SZ,33.6,33.6,32.63,32.68,33.52,-0.84,-2.51,16750.64,55074.409
20110209,002536.SZ,32.66,32.9,32.02,32.18,32.68,-0.5,-1.53,10873.22,35231.7626
20110210,002536.SZ,31.98,33.57,31.98,33.55,32.18,1.37,4.26,18704.03,61722.0306
20110211,002536.SZ,33.88,34.28,33.27,34.0,33.55,0.45,1.34,21062.73,71342.5377
20110214,002536.SZ,34.06,34.82,34.06,34.48,34.0,0.48,1.41,21783.62,75126.1081
20110215,002536.SZ,34.48,34.65,34.02,34.06,34.48,-0.42,-1.22,18134.7,62250.8333
20110216,002536.SZ,33.9,35.92,33.9,35.59,34.06,1.53,4.49,24916.68,87846.5178
20110217,002536.SZ,35.42,36.48,35.42,35.96,35.59,0.37,1.04,23890.12,85940.0605
20110218,002536.SZ,35.96,35.96,35.24,35.4,35.96,-0.56,-1.56,12404.65,43974.5326
20110221,002536.SZ,35.4,35.97,35.21,35.79,35.4,0.39,1.1,9889.13,35311.2484
20110222,002536.SZ,36.0,36.01,34.0,34.02,35.79,-1.77,-4.95,15510.25,53822.3926
20110223,002536.SZ,34.06,34.45,34.05,34.22,34.02,0.2,0.59,8055.53,27587.6325
20110224,002536.SZ,34.3,34.6,34.15,34.4,34.22,0.18,0.53,6784.18,23310.3793
20110225,002536.SZ,34.4,34.4,33.63,34.05,34.4,-0.35,-1.02,7550.48,25622.7406
20110228,002536.SZ,34.3,35.58,34.28,35.27,34.05,1.22,3.58,14712.58,51659.0791
20110301,002536.SZ,35.28,35.47,34.72,35.0,35.27,-0.27,-0.77,12409.63,43537.3158
20110302,002536.SZ,34.9,34.9,34.28,34.67,35.0,-0.33,-0.94,7226.04,24951.6928
20110303,002536.SZ,34.51,34.79,34.01,34.01,34.67,-0.66,-1.9,8996.69,30853.2649
20110304,002536.SZ,34.0,34.47,33.92,34.36,34.01,0.35,1.03,6310.5,21543.8409
20110307,002536.SZ,34.36,34.6,34.17,34.59,34.36,0.23,0.67,7264.47,24984.2902
20110308,002536.SZ,34.58,35.14,34.54,35.05,34.59,0.46,1.33,9754.45,34090.2406
20110309,002536.SZ,35.16,35.2,34.45,34.8,35.05,-0.25,-0.71,9116.2,31627.5523
20110310,002536.SZ,34.68,34.97,34.51,34.79,34.8,-0.01,-0.03,7858.63,27334.4728
20110311,002536.SZ,34.78,35.1,34.51,34.85,34.79,0.06,0.17,9721.26,33879.3576
20110314,002536.SZ,34.85,35.33,34.78,35.3,34.85,0.45,1.29,9680.9,33975.0182
20110315,002536.SZ,35.29,35.3,33.88,34.2,35.3,-1.1,-3.12,11302.49,38889.2817
20110316,002536.SZ,34.25,34.6,34.0,34.53,34.2,0.33,0.96,5684.86,19516.4717
20110317,002536.SZ,34.4,34.4,33.46,33.5,34.53,-1.03,-2.98,11201.33,37947.5808
20110318,002536.SZ,33.6,33.95,33.57,33.83,33.5,0.33,0.99,3699.53,12479.7604
20110321,002536.SZ,33.8,33.88,33.48,33.68,33.83,-0.15,-0.44,4119.16,13860.9474
20110322,002536.SZ,33.7,34.15,33.56,33.94,33.68,0.26,0.77,4830.24,16358.464
20110323,002536.SZ,34.1,34.32,33.75,34.18,33.94,0.24,0.71,5287.86,18073.8237
20110324,002536.SZ,34.0,34.37,34.0,34.11,34.18,-0.07,-0.2,4450.13,15214.2207
20110325,002536.SZ,34.26,34.77,34.05,34.65,34.11,0.54,1.58,9753.66,33694.7254
20110328,002536.SZ,34.66,35.01,34.5,34.52,34.65,-0.13,-0.38,9386.08,32646.4391
20110329,002536.SZ,34.52,34.52,33.1,33.27,34.52,-1.25,-3.62,7906.14,26719.9638
20110330,002536.SZ,33.2,33.38,32.52,32.82,33.27,-0.45,-1.35,4317.23,14204.1917
20110331,002536.SZ,32.83,33.33,32.83,33.09,32.82,0.27,0.82,3436.11,11376.4493
20110401,002536.SZ,33.1,33.4,32.8,33.15,33.09,0.06,0.18,3323.16,10962.9463
20110406,002536.SZ,33.25,33.3,32.8,33.22,33.15,0.07,0.21,3038.19,10022.7042
20110407,002536.SZ,33.22,33.65,32.71,33.64,33.22,0.42,1.26,5360.39,17772.6741
20110408,002536.SZ,32.8,33.0,32.51,32.92,33.64,-0.72,-2.14,9705.65,31814.256
20110411,002536.SZ,32.9,33.23,32.41,33.0,32.92,0.08,0.24,16794.3,55077.7656
20110412,002536.SZ,32.7,33.48,32.62,33.3,33.0,0.3,0.91,18365.96,60771.7089
20110413,002536.SZ,33.55,33.55,32.85,33.4,33.3,0.1,0.3,17131.96,57085.214
20110414,002536.SZ,33.41,33.53,32.7,32.71,33.4,-0.69,-2.07,8947.6,29410.1063
20110415,002536.SZ,32.72,32.85,31.74,32.05,32.71,-0.66,-2.02,9520.46,30557.2915
20110418,002536.SZ,31.9,32.09,31.68,31.93,32.05,-0.12,-0.37,6961.32,22136.4291
20110419,002536.SZ,31.89,31.89,31.13,31.26,31.93,-0.67,-2.1,6670.69,20947.4512
20110420,002536.SZ,31.4,31.75,31.31,31.64,31.26,0.38,1.22,4079.17,12866.1877
20110421,002536.SZ,31.77,31.8,31.6,31.63,31.64,-0.01,-0.03,4638.4,14700.0309
20110422,002536.SZ,31.35,31.5,30.33,30.92,31.63,-0.71,-2.24,14567.41,44906.9641
20110425,002536.SZ,30.69,31.28,30.45,31.0,30.92,0.08,0.26,6058.23,18710.0026
20110426,002536.SZ,30.96,31.0,30.48,30.57,31.0,-0.43,-1.39,4584.91,14113.1721
20110427,002536.SZ,30.78,32.15,30.78,31.98,30.57,1.41,4.61,19990.54,63232.4726
20110428,002536.SZ,32.0,32.98,31.0,32.28,31.98,0.3,0.94,27518.98,88562.0324
20110429,002536.SZ,31.92,31.92,31.01,31.09,32.28,-1.19,-3.69,9356.18,29415.4889
20110503,002536.SZ,31.07,31.07,29.16,29.56,31.09,-1.53,-4.92,9612.93,28599.933
20110504,002536.SZ,29.58,29.63,28.58,28.62,29.56,-0.94,-3.18,7588.2,22047.0218
20110505,002536.SZ,28.61,28.86,28.22,28.48,28.62,-0.14,-0.49,4979.66,14217.83
20110506,002536.SZ,28.47,28.67,27.76,28.54,28.48,0.06,0.21,4549.48,12915.3779
20110509,002536.SZ,28.54,28.72,28.08,28.57,28.54,0.03,0.11,3628.67,10340.4219
20110510,002536.SZ,28.35,28.7,28.32,28.44,28.57,-0.13,-0.46,3051.18,8690.8286
20110511,002536.SZ,28.41,28.69,28.33,28.52,28.44,0.08,0.28,3020.59,8603.4357
20110513,002536.SZ,28.18,28.2,27.38,27.64,28.52,-0.88,-3.09,6328.45,17519.5787
20110516,002536.SZ,27.59,27.9,27.58,27.6,27.64,-0.04,-0.14,2903.99,8045.0603
20110517,002536.SZ,27.75,28.16,27.57,27.98,27.6,0.38,1.38,6432.62,17956.3802
20110518,002536.SZ,27.81,27.88,27.44,27.59,27.98,-0.39,-1.39,4257.11,11760.8563
20110519,002536.SZ,27.56,27.69,27.21,27.27,27.59,-0.32,-1.16,3714.54,10209.7564
20110520,002536.SZ,27.23,27.55,27.23,27.35,27.27,0.08,0.29,2598.93,7118.3095
20110523,002536.SZ,27.44,27.47,26.0,26.0,27.35,-1.35,-4.94,5338.5,14272.5
20110524,002536.SZ,26.88,28.2,26.85,27.22,26.0,1.22,4.69,18043.05,49481.0147
20110525,002536.SZ,26.6,26.84,26.01,26.06,27.22,-1.16,-4.26,8677.04,22888.8864
20110526,002536.SZ,26.26,26.29,25.56,25.69,26.06,-0.37,-1.42,5824.94,15126.3775
20110527,002536.SZ,25.51,25.8,25.3,25.36,25.69,-0.33,-1.28,3933.46,10050.5164
20110530,002536.SZ,25.33,27.24,25.32,26.01,25.36,0.65,2.56,13974.07,37130.9448
20110531,002536.SZ,26.02,26.1,23.44,25.66,26.01,-0.35,-1.35,8032.68,20131.7651
20110601,002536.SZ,25.39,26.8,25.1,26.26,25.46,0.8,3.14,9840.95,25792.3257
20110602,002536.SZ,25.36,25.9,25.36,25.65,26.26,-0.61,-2.32,5269.65,13461.7567
20110603,002536.SZ,25.47,26.17,23.45,26.08,25.65,0.43,1.68,6325.51,16183.7921
20110607,002536.SZ,26.04,26.04,25.45,25.75,26.08,-0.33,-1.27,4712.5,12097.1062
20110608,002536.SZ,25.96,26.9,25.91,26.2,25.75,0.45,1.75,7258.48,19106.627
20110609,002536.SZ,25.75,26.09,25.36,25.37,26.2,-0.83,-3.17,4749.03,12149.1743
20110610,002536.SZ,25.13,25.49,24.66,25.23,25.37,-0.14,-0.55,3835.42,9599.9794
20110613,002536.SZ,24.81,25.33,24.5,25.0,25.23,-0.23,-0.91,1979.93,4929.3584
20110614,002536.SZ,25.0,25.38,24.91,25.23,25.0,0.23,0.92,2480.02,6247.9703
20110615,002536.SZ,25.24,25.3,24.9,24.98,25.23,-0.25,-0.99,1886.79,4735.4562
20110616,002536.SZ,24.9,24.93,24.1,24.1,24.98,-0.88,-3.52,2675.92,6543.7794
20110617,002536.SZ,24.4,24.4,23.71,23.75,24.1,-0.35,-1.45,2059.8,4956.306
20110620,002536.SZ,23.73,23.89,23.02,23.19,23.75,-0.56,-2.36,2815.4,6591.5308
20110621,002536.SZ,23.19,23.6,23.19,23.49,23.19,0.3,1.29,2077.19,4863.8985
20110622,002536.SZ,23.72,23.73,23.46,23.54,23.49,0.05,0.21,1654.97,3902.6098
20110623,002536.SZ,23.61,24.25,23.33,24.11,23.54,0.57,2.42,4443.85,10642.9048
20110624,002536.SZ,24.06,24.81,24.01,24.66,24.11,0.55,2.28,6250.95,15369.4035
20110627,002536.SZ,25.2,25.89,25.11,25.37,24.66,0.71,2.88,8421.12,21428.4219
20110628,002536.SZ,25.36,27.67,24.95,26.61,25.37,1.24,4.89,11791.96,31212.3522
20110629,002536.SZ,26.06,26.73,25.7,25.71,26.61,-0.9,-3.38,7887.74,20691.1283
20110630,002536.SZ,25.55,26.39,25.5,25.79,25.71,0.08,0.31,6381.46,16534.8147
20110701,002536.SZ,25.81,26.21,25.62,25.87,25.79,0.08,0.31,3366.16,8733.0753
20110704,002536.SZ,26.0,26.78,25.99,26.7,25.87,0.83,3.21,8411.48,22285.8183
20110705,002536.SZ,26.8,26.85,26.36,26.81,26.7,0.11,0.41,6803.88,18084.6626
20110706,002536.SZ,26.79,26.87,26.35,26.75,26.81,-0.06,-0.22,5371.36,14305.2342
20110707,002536.SZ,26.75,27.45,26.75,26.83,26.75,0.08,0.3,10994.88,29861.4887
20110708,002536.SZ,26.8,26.83,26.41,26.46,26.83,-0.37,-1.38,5754.57,15293.063
20110711,002536.SZ,26.59,27.5,26.59,26.97,26.46,0.51,1.93,7894.84,21452.1572
20110712,002536.SZ,26.7,28.5,26.29,27.16,26.97,0.19,0.7,14325.09,39442.7819
20110713,002536.SZ,27.0,27.8,26.94,27.74,27.16,0.58,2.14,8197.78,22503.0227
20110714,002536.SZ,27.7,28.95,27.5,28.54,27.74,0.8,2.88,16659.36,47221.9604
20110715,002536.SZ,28.58,29.08,28.4,28.62,28.54,0.08,0.28,11832.91,33958.6341
20110718,002536.SZ,28.7,28.88,28.1,28.3,28.62,-0.32,-1.12,8569.67,24368.4875
20110719,002536.SZ,28.03,28.2,27.57,27.62,28.3,-0.68,-2.4,5655.24,15687.435
20110720,002536.SZ,27.81,27.96,27.5,27.9,27.62,0.28,1.01,3477.69,9662.523
20110721,002536.SZ,27.72,27.85,27.2,27.21,27.9,-0.69,-2.47,4129.56,11356.2373
20110722,002536.SZ,27.23,27.59,27.23,27.39,27.21,0.18,0.66,2526.08,6933.0517
20110725,002536.SZ,27.4,27.45,26.04,26.11,27.39,-1.28,-4.67,4873.31,12973.9518
20110726,002536.SZ,26.11,26.28,25.6,25.96,26.11,-0.15,-0.57,5457.44,14099.4
20110727,002536.SZ,26.0,26.56,25.8,26.4,25.96,0.44,1.69,4394.73,11533.9141
20110728,002536.SZ,26.26,26.35,25.7,26.35,26.4,-0.05,-0.19,3523.75,9185.2598
20110729,002536.SZ,28.18,28.18,26.82,26.98,26.35,0.63,2.39,10997.54,30227.1974
20110801,002536.SZ,26.9,27.55,26.55,27.2,26.98,0.22,0.82,6243.69,16959.8345
20110802,002536.SZ,27.02,27.71,26.65,27.69,27.2,0.49,1.8,10010.22,27367.7722
20110803,002536.SZ,27.72,27.9,27.31,27.65,27.69,-0.04,-0.14,7131.32,19691.4277
20110804,002536.SZ,27.82,27.83,27.46,27.58,27.65,-0.07,-0.25,5852.48,16174.0439
20110805,002536.SZ,26.0,26.85,25.4,26.65,27.58,-0.93,-3.37,5263.74,13991.6689
20110808,002536.SZ,26.05,26.36,24.55,24.95,26.65,-1.7,-6.38,6241.74,15801.7121
20110809,002536.SZ,24.01,25.22,23.73,24.78,24.95,-0.17,-0.68,5384.61,13097.6338
20110810,002536.SZ,25.31,25.49,24.81,24.91,24.78,0.13,0.52,3984.79,10045.8205
20110812,002536.SZ,25.91,25.97,25.5,25.63,24.91,0.72,2.89,6422.1,16524.2471
20110815,002536.SZ,25.51,26.55,25.51,26.4,25.63,0.77,3.0,6205.07,16202.2806
20110816,002536.SZ,26.42,26.5,25.98,26.05,26.4,-0.35,-1.33,4784.63,12524.1043
20110817,002536.SZ,25.84,26.65,25.84,26.05,26.05,0.0,0.0,4678.68,12330.2308
20110818,002536.SZ,26.0,26.14,25.29,25.33,26.05,-0.72,-2.76,3705.19,9521.5828
20110819,002536.SZ,24.66,24.96,24.37,24.8,25.33,-0.53,-2.09,3190.35,7909.0753
20110822,002536.SZ,24.85,25.43,24.85,25.0,24.8,0.2,0.81,2022.53,5079.914
20110823,002536.SZ,25.01,25.62,24.92,25.59,25.0,0.59,2.36,3704.6,9391.8817
20110824,002536.SZ,25.74,26.14,25.66,25.7,25.59,0.11,0.43,5049.56,13084.592
20110825,002536.SZ,25.77,26.38,25.76,26.36,25.7,0.66,2.57,6261.63,16324.2269
20110826,002536.SZ,26.3,26.68,26.07,26.61,26.36,0.25,0.95,5097.69,13421.6533
20110829,002536.SZ,26.55,26.6,26.28,26.38,26.61,-0.23,-0.86,3935.99,10417.4374
20110830,002536.SZ,26.53,26.68,26.0,26.09,26.38,-0.29,-1.1,4478.86,11797.3578
20110831,002536.SZ,26.1,26.2,25.7,25.78,26.09,-0.31,-1.19,2827.97,7313.8486
20110901,002536.SZ,25.98,26.04,25.46,25.48,25.78,-0.3,-1.16,2398.5,6179.7948
20110902,002536.SZ,25.45,25.7,25.3,25.6,25.48,0.12,0.47,1398.27,3553.4897
20110905,002536.SZ,25.3,25.3,24.9,24.9,25.6,-0.7,-2.73,1937.38,4840.4561
20110906,002536.SZ,24.78,24.97,24.5,24.75,24.9,-0.15,-0.6,1212.16,3004.3703
20110907,002536.SZ,25.0,25.5,24.95,25.42,24.75,0.67,2.71,1906.34,4810.669
20110908,002536.SZ,25.45,25.94,25.29,25.33,25.42,-0.09,-0.35,2608.49,6698.991
20110909,002536.SZ,25.6,25.79,24.75,25.08,25.33,-0.25,-0.99,2723.71,6858.4181
20110913,002536.SZ,24.9,24.9,24.3,24.55,25.08,-0.53,-2.11,2105.2,5158.1323
20110914,002536.SZ,24.7,24.85,24.46,24.82,24.55,0.27,1.1,1753.24,4322.0813
20110915,002536.SZ,25.05,26.0,25.05,25.66,24.82,0.84,3.38,6048.49,15538.8971
20110916,002536.SZ,25.66,25.85,25.27,25.29,25.66,-0.37,-1.44,2787.72,7129.5154
20110919,002536.SZ,25.2,25.53,24.8,24.82,25.29,-0.47,-1.86,2253.09,5660.5675
20110920,002536.SZ,24.88,25.16,24.7,24.94,24.82,0.12,0.48,1324.61,3296.1448
20110921,002536.SZ,24.86,25.77,24.85,25.62,24.94,0.68,2.73,4031.58,10215.2975
20110922,002536.SZ,25.47,25.66,25.0,25.01,25.62,-0.61,-2.38,2914.0,7397.695
20110923,002536.SZ,24.5,24.98,24.35,24.8,25.01,-0.21,-0.84,2136.34,5281.3201
20110926,002536.SZ,24.73,25.2,24.42,24.76,24.8,-0.04,-0.16,1836.15,4557.5465
20110927,002536.SZ,25.08,25.08,24.51,24.86,24.76,0.1,0.4,1365.5,3378.006
20110928,002536.SZ,24.99,24.99,24.3,24.3,24.86,-0.56,-2.25,2482.91,6103.3741
20110929,002536.SZ,24.03,24.4,23.75,23.76,24.3,-0.54,-2.22,1854.91,4446.6046
20110930,002536.SZ,23.8,24.05,23.63,23.76,23.76,0.0,0.0,1188.0,2826.9744
20111010,002536.SZ,23.76,23.96,23.58,23.78,23.76,0.02,0.08,958.21,2277.2341
20111011,002536.SZ,23.82,24.77,23.51,23.52,23.78,-0.26,-1.09,2328.04,5600.8045
20111012,002536.SZ,23.65,24.29,23.25,24.22,23.52,0.7,2.98,3058.42,7318.0849
20111013,002536.SZ,24.14,24.72,24.11,24.3,24.22,0.08,0.33,3733.53,9112.5619
20111014,002536.SZ,24.2,24.21,23.18,23.29,24.3,-1.01,-4.16,8350.07,19642.2282
20111017,002536.SZ,23.25,23.54,23.1,23.48,23.29,0.19,0.82,3483.51,8136.055
20111018,002536.SZ,23.4,23.42,22.76,22.77,23.48,-0.71,-3.02,4070.35,9390.5012
20111019,002536.SZ,22.71,23.0,22.56,22.75,22.77,-0.02,-0.09,1607.56,3658.8105
20111020,002536.SZ,22.68,22.95,21.91,21.94,22.75,-0.81,-3.56,3138.23,6965.2469
20111021,002536.SZ,22.1,22.1,20.96,21.3,21.94,-0.64,-2.92,2632.7,5625.6349
20111024,002536.SZ,21.3,21.74,20.21,21.62,21.3,0.32,1.5,3796.77,7987.0548
20111025,002536.SZ,21.55,21.95,20.8,21.8,21.62,0.18,0.83,4418.52,9474.2436
20111026,002536.SZ,21.6,22.09,21.5,21.9,21.8,0.1,0.46,3917.99,8552.5545
20111027,002536.SZ,21.99,22.18,21.72,21.83,21.9,-0.07,-0.32,2682.4,5866.4273
20111028,002536.SZ,22.08,22.27,21.85,22.14,21.83,0.31,1.42,3564.0,7879.6279
20111031,002536.SZ,22.19,22.27,22.06,22.24,22.14,0.1,0.45,2219.42,4922.2969
20111101,002536.SZ,22.15,22.24,21.91,22.1,22.24,-0.14,-0.63,3102.1,6844.3623
20111102,002536.SZ,21.77,22.29,21.2,22.26,22.1,0.16,0.72,4998.59,10876.771
20111103,002536.SZ,22.41,23.09,22.4,22.68,22.26,0.42,1.89,9101.39,20724.9857
20111104,002536.SZ,22.7,22.82,22.49,22.69,22.68,0.01,0.04,4164.71,9424.4348
20111107,002536.SZ,22.68,22.8,22.5,22.67,22.69,-0.02,-0.09,2598.88,5887.0951
20111108,002536.SZ,22.72,22.72,22.38,22.39,22.67,-0.28,-1.24,3260.62,7362.572
20111109,002536.SZ,22.46,23.17,22.21,23.08,22.39,0.69,3.08,5081.78,11556.2977
20111110,002536.SZ,22.7,22.87,22.59,22.6,23.08,-0.48,-2.08,4806.72,10934.3669
20111111,002536.SZ,22.61,22.84,22.53,22.64,22.6,0.04,0.18,2752.44,6244.8946
20111114,002536.SZ,22.66,23.17,22.66,23.15,22.64,0.51,2.25,5784.18,13313.1691
20111115,002536.SZ,23.0,23.34,23.0,23.11,23.15,-0.04,-0.17,4090.4,9480.2415
20111116,002536.SZ,23.19,23.28,22.66,22.72,23.11,-0.39,-1.69,5988.51,13764.8618
20111117,002536.SZ,22.8,22.94,22.51,22.64,22.72,-0.08,-0.35,2996.0,6806.2641
20111118,002536.SZ,22.5,22.62,21.81,21.95,22.64,-0.69,-3.05,3425.32,7644.716
20111121,002536.SZ,21.95,22.5,21.49,21.99,21.95,0.04,0.18,1055.87,2318.3162
20111122,002536.SZ,21.81,22.05,21.69,22.05,21.99,0.06,0.27,1091.75,2390.0384
20111123,002536.SZ,22.12,22.21,21.63,21.71,22.05,-0.34,-1.54,1553.11,3414.264
20111124,002536.SZ,21.71,21.94,21.46,21.79,21.71,0.08,0.37,1089.01,2367.2332
20111125,002536.SZ,21.78,22.15,21.64,21.74,21.79,-0.05,-0.23,1359.38,2971.8401
20111128,002536.SZ,21.74,22.25,21.67,22.1,21.74,0.36,1.66,2127.92,4685.9806
20111129,002536.SZ,22.33,22.38,22.0,22.27,22.1,0.17,0.77,2968.44,6580.6305
20111130,002536.SZ,22.29,22.35,21.01,21.2,22.27,-1.07,-4.8,4813.06,10475.554
20111201,002536.SZ,21.81,21.94,21.53,21.6,21.2,0.4,1.89,3220.85,7000.0944
20111202,002536.SZ,21.49,21.49,20.9,21.06,21.6,-0.54,-2.5,1777.16,3753.0686
20111205,002536.SZ,21.14,21.14,20.17,20.2,21.06,-0.86,-4.08,3042.61,6218.7512
20111206,002536.SZ,20.2,20.77,20.04,20.76,20.2,0.56,2.77,2714.06,5543.9646
20111207,002536.SZ,20.8,21.99,20.62,21.8,20.76,1.04,5.01,7477.8,16032.2604
20111208,002536.SZ,21.51,22.4,21.35,22.17,21.8,0.37,1.7,10518.01,23069.7073
20111209,002536.SZ,21.99,22.17,21.4,21.95,22.17,-0.22,-0.99,4175.27,9143.1225
20111212,002536.SZ,21.81,22.39,21.6,21.88,21.95,-0.07,-0.32,3636.13,7991.7525
20111213,002536.SZ,21.61,21.89,21.04,21.8,21.88,-0.08,-0.37,6500.58,14015.3984
20111214,002536.SZ,21.76,21.9,21.44,21.56,21.8,-0.24,-1.1,3372.57,7324.2444
20111215,002536.SZ,21.69,21.69,20.3,20.58,21.56,-0.98,-4.55,3599.16,7502.5106
20111216,002536.SZ,20.58,21.58,20.58,21.56,20.58,0.98,4.76,5075.9,10764.2543
20111219,002536.SZ,21.49,22.19,21.11,22.13,21.56,0.57,2.64,6030.72,13120.9821
20111220,002536.SZ,22.15,22.84,22.0,22.41,22.13,0.28,1.27,9646.04,21745.7496
20111221,002536.SZ,22.51,22.73,21.81,22.09,22.41,-0.32,-1.43,5794.9,12903.1146
20111222,002536.SZ,22.0,22.96,21.1,22.73,22.09,0.64,2.9,10781.88,24107.1341
20111223,002536.SZ,22.76,23.46,22.55,22.77,22.73,0.04,0.18,18014.83,41597.4232
20111226,002536.SZ,22.73,22.99,22.1,22.39,22.77,-0.38,-1.67,7673.47,17230.8142
20111227,002536.SZ,22.78,22.96,22.11,22.4,22.39,0.01,0.04,9098.83,20582.0479
20111228,002536.SZ,22.28,22.45,21.1,21.82,22.4,-0.58,-2.59,7595.73,16458.0152
20111229,002536.SZ,21.97,21.97,20.7,20.7,21.82,-1.12,-5.13,9782.45,20617.8624
20111230,002536.SZ,20.68,21.69,20.65,21.0,20.7,0.3,1.45,9767.7,20750.3044
20120104,002536.SZ,21.18,21.33,20.84,21.0,21.0,0.0,0.0,6259.0,13224.8361
20120105,002536.SZ,20.83,20.95,18.9,18.9,21.0,-2.1,-10.0,6473.06,12545.1627
20120106,002536.SZ,18.6,18.78,17.01,17.01,18.9,-1.89,-10.0,15703.31,27150.0089
20120109,002536.SZ,17.0,18.0,16.32,17.59,17.01,0.58,3.41,12303.44,21109.2199
20120110,002536.SZ,17.3,18.35,17.3,18.2,17.59,0.61,3.47,11904.94,21360.2613
20120111,002536.SZ,18.05,18.53,17.9,18.37,18.2,0.17,0.93,9005.83,16443.1827
20120112,002536.SZ,18.37,18.4,17.92,18.24,18.37,-0.13,-0.71,5976.59,10864.4302
20120113,002536.SZ,18.2,18.2,17.11,17.2,18.24,-1.04,-5.7,5557.73,9746.2313
20120116,002536.SZ,16.98,17.37,16.4,16.4,17.2,-0.8,-4.65,4201.02,7041.094
20120117,002536.SZ,16.5,17.19,16.4,17.08,16.4,0.68,4.15,10807.1,18263.0404
20120118,002536.SZ,17.05,17.25,16.4,16.43,17.08,-0.65,-3.81,8124.53,13716.6631
20120119,002536.SZ,16.47,16.79,16.1,16.6,16.43,0.17,1.03,10014.92,16507.1141
20120120,002536.SZ,16.85,16.85,16.5,16.75,16.6,0.15,0.9,11447.69,19072.2437
20120130,002536.SZ,16.78,16.9,16.65,16.65,16.75,-0.1,-0.6,8627.56,14473.1434
20120131,002536.SZ,16.65,16.83,15.82,16.66,16.65,0.01,0.06,18024.49,29290.0863
20120201,002536.SZ,16.5,16.8,16.38,16.58,16.66,-0.08,-0.48,10805.36,17961.6628
20120202,002536.SZ,16.62,17.19,16.5,17.07,16.58,0.49,2.96,19800.91,33337.5307
20120203,002536.SZ,17.06,17.36,16.8,17.36,17.07,0.29,1.7,22694.93,38877.1468
20120206,002536.SZ,17.32,17.77,17.18,17.57,17.36,0.21,1.21,26057.04,45454.7513
20120207,002536.SZ,17.57,17.57,17.0,17.2,17.57,-0.37,-2.11,13304.97,22904.5042
20120208,002536.SZ,17.08,17.65,17.08,17.56,17.2,0.36,2.09,18725.56,32678.5135
20120209,002536.SZ,17.59,18.18,17.51,17.9,17.56,0.34,1.94,26888.49,47856.651
20120210,002536.SZ,17.8,18.0,17.61,17.9,17.9,0.0,0.0,16652.71,29664.5626
20120213,002536.SZ,17.73,18.15,17.56,17.97,17.9,0.07,0.39,17377.64,31139.4801
20120214,002536.SZ,18.06,18.22,17.84,18.05,17.97,0.08,0.45,11485.96,20686.1362
20120215,002536.SZ,17.97,18.26,17.72,18.19,18.05,0.14,0.78,16605.65,30001.939
20120216,002536.SZ,18.14,18.54,18.08,18.42,18.19,0.23,1.26,20608.39,37803.9692
20120217,002536.SZ,18.5,18.54,18.0,18.25,18.42,-0.17,-0.92,12898.32,23532.1481
20120220,002536.SZ,18.49,18.49,18.05,18.05,18.25,-0.2,-1.1,11834.7,21636.065
20120221,002536.SZ,18.04,18.32,18.0,18.28,18.05,0.23,1.27,10224.82,18571.4533
20120222,002536.SZ,18.35,18.8,18.28,18.8,18.28,0.52,2.84,20084.95,37495.7435
20120223,002536.SZ,18.83,19.09,18.62,18.98,18.8,0.18,0.96,18005.75,33968.9739
20120224,002536.SZ,18.91,19.94,18.86,19.94,18.98,0.96,5.06,31945.3,62012.2382
20120227,002536.SZ,19.8,20.36,19.75,19.93,19.94,-0.01,-0.05,31265.53,62425.3763
20120228,002536.SZ,19.75,19.97,19.28,19.82,19.93,-0.11,-0.55,21152.01,41521.1378
20120229,002536.SZ,19.45,19.73,19.27,19.27,19.82,-0.55,-2.78,13524.0,26315.8472
20120301,002536.SZ,19.14,19.58,19.12,19.39,19.27,0.12,0.62,6202.76,12046.8184
20120302,002536.SZ,19.4,19.86,19.4,19.77,19.39,0.38,1.96,8985.44,17665.3785
20120305,002536.SZ,19.77,20.16,19.65,19.88,19.77,0.11,0.56,14314.44,28478.9462
20120306,002536.SZ,19.8,19.84,19.4,19.62,19.88,-0.26,-1.31,7663.38,15006.7993
20120307,002536.SZ,19.39,19.85,19.34,19.54,19.62,-0.08,-0.41,8353.49,16404.8567
20120308,002536.SZ,19.57,20.49,19.57,20.34,19.54,0.8,4.09,16704.76,33399.8826
20120309,002536.SZ,20.45,20.64,20.26,20.62,20.34,0.28,1.38,16745.85,34266.843
20120312,002536.SZ,20.75,20.88,20.33,20.58,20.62,-0.04,-0.19,12588.77,25830.5564
20120313,002536.SZ,20.58,20.69,20.44,20.51,20.58,-0.07,-0.34,10613.54,21801.9302
20120314,002536.SZ,20.56,20.68,19.01,19.24,20.51,-1.27,-6.19,23332.51,46676.4944
20120315,002536.SZ,19.24,19.48,18.68,19.05,19.24,-0.19,-0.99,11454.91,21817.3789
20120319,002536.SZ,19.5,19.67,19.26,19.63,19.05,0.58,3.04,10701.0,20855.1237
20120320,002536.SZ,19.36,19.49,18.88,18.88,19.63,-0.75,-3.82,9633.22,18470.044
20120321,002536.SZ,18.71,19.25,18.7,19.04,18.88,0.16,0.85,7554.55,14300.9912
20120322,002536.SZ,19.04,19.24,18.96,19.07,19.04,0.03,0.16,3809.02,7275.2984
20120323,002536.SZ,19.0,19.0,18.33,18.36,19.07,-0.71,-3.72,6946.71,12960.6044
20120326,002536.SZ,18.5,18.5,18.08,18.16,18.36,-0.2,-1.09,4266.21,7794.2988
20120327,002536.SZ,18.38,18.41,18.02,18.12,18.16,-0.04,-0.22,4067.01,7419.4184
20120328,002536.SZ,18.14,18.14,17.12,17.19,18.12,-0.93,-5.13,7972.56,13923.6782
20120329,002536.SZ,17.26,17.26,16.53,16.75,17.19,-0.44,-2.56,5395.48,9108.8081
20120330,002536.SZ,16.82,16.98,16.61,16.85,16.75,0.1,0.6,4015.95,6752.7143
20120405,002536.SZ,16.9,17.33,16.86,17.3,16.85,0.45,2.67,5051.56,8670.7398
20120406,002536.SZ,17.31,17.46,17.22,17.31,17.3,0.01,0.06,4430.58,7665.8822
20120409,002536.SZ,17.36,17.36,17.02,17.06,17.31,-0.25,-1.44,2564.31,4409.4482
20120410,002536.SZ,17.0,17.28,16.71,17.28,17.06,0.22,1.29,3486.06,5914.4927
20120411,002536.SZ,17.16,17.4,16.93,17.39,17.28,0.11,0.64,3839.13,6629.5616
20120412,002536.SZ,17.31,18.07,17.31,17.85,17.39,0.46,2.65,7031.21,12489.2175
20120413,002536.SZ,17.82,18.26,17.82,18.16,17.85,0.31,1.74,6179.52,11163.0372
20120416,002536.SZ,18.17,18.18,17.9,17.96,18.16,-0.2,-1.1,4016.5,7227.954
20120417,002536.SZ,17.96,18.1,17.68,17.78,17.96,-0.18,-1.0,3009.82,5362.8932
20120418,002536.SZ,17.81,18.45,17.8,18.42,17.78,0.64,3.6,8227.19,14982.7073
20120419,002536.SZ,18.42,18.55,18.21,18.5,18.42,0.08,0.43,5860.89,10778.0911
20120420,002536.SZ,17.7,17.87,17.35,17.52,18.5,-0.98,-5.3,23965.35,42052.7544
20120423,002536.SZ,17.41,17.57,16.76,16.82,17.52,-0.7,-4.0,13709.77,23423.0187
20120424,002536.SZ,16.76,16.86,16.12,16.42,16.82,-0.4,-2.38,7412.11,12223.0023
20120425,002536.SZ,16.48,16.64,16.32,16.6,16.42,0.18,1.1,6771.06,11188.657
20120426,002536.SZ,16.58,16.75,16.5,16.67,16.6,0.07,0.42,5865.87,9755.3381
20120427,002536.SZ,16.74,16.75,16.3,16.53,16.67,-0.14,-0.84,3609.5,5975.8329
20120502,002536.SZ,16.64,17.1,16.64,17.1,16.53,0.57,3.45,8244.56,13931.1827
20120503,002536.SZ,17.1,17.64,17.06,17.54,17.1,0.44,2.57,13656.74,23805.025
20120504,002536.SZ,17.63,17.63,17.25,17.35,17.54,-0.19,-1.08,10999.57,19113.1665
20120507,002536.SZ,17.32,17.32,16.86,17.18,17.35,-0.17,-0.98,6597.85,11282.5479
20120508,002536.SZ,17.18,17.39,17.11,17.34,17.18,0.16,0.93,4973.31,8586.6681
20120509,002536.SZ,17.18,17.19,16.93,16.98,17.34,-0.36,-2.08,5094.77,8697.3871
20120510,002536.SZ,17.0,17.13,16.93,17.05,16.98,0.07,0.41,3761.12,6409.5678
20120511,002536.SZ,16.96,17.34,16.96,17.02,17.05,-0.03,-0.18,4742.5,8102.3496
20120514,002536.SZ,17.1,17.2,16.72,16.74,17.02,-0.28,-1.65,5385.7,9110.3431
20120515,002536.SZ,16.69,16.69,16.3,16.44,16.74,-0.3,-1.79,6148.89,10092.1705
20120517,002536.SZ,16.39,16.73,16.26,16.69,16.44,0.25,1.52,4269.98,7051.3942
20120518,002536.SZ,16.69,16.69,16.36,16.46,16.69,-0.23,-1.38,3329.1,5491.701
20120521,002536.SZ,16.34,16.54,16.3,16.39,16.46,-0.07,-0.43,2283.45,3748.0658
20120522,002536.SZ,16.5,16.73,16.45,16.69,16.39,0.3,1.83,3343.24,5558.9105
20120523,002536.SZ,16.7,16.86,16.51,16.86,16.69,0.17,1.02,3631.17,6064.2927
20120524,002536.SZ,16.96,17.42,16.95,17.0,16.86,0.14,0.83,15568.7,26814.726
20120525,002536.SZ,16.88,17.02,16.44,16.54,17.0,-0.46,-2.71,6809.71,11333.9767
20120528,002536.SZ,16.48,16.68,16.14,16.63,16.54,0.09,0.54,4757.77,7805.1491
20120529,002536.SZ,16.65,17.06,16.65,16.98,16.63,0.35,2.1,7759.81,13139.2565
20120530,002536.SZ,16.99,17.1,16.76,16.99,16.98,0.01,0.06,4863.4,8261.5906
20120531,002536.SZ,16.97,17.16,16.83,17.08,16.99,0.09,0.53,5274.96,8981.8365
20120601,002536.SZ,17.08,17.25,16.98,17.24,17.08,0.16,0.94,5745.33,9838.1075
20120604,002536.SZ,17.0,17.0,16.4,16.5,17.24,-0.74,-4.29,5655.04,9472.4814
20120605,002536.SZ,16.46,16.65,16.46,16.5,16.5,0.0,0.0,2674.9,4428.4314
20120606,002536.SZ,16.46,16.7,16.4,16.47,16.5,-0.03,-0.18,2060.91,3407.6425
20120607,002536.SZ,16.51,16.68,16.36,16.46,16.47,-0.01,-0.06,2918.86,4813.4393
20120608,002536.SZ,16.66,16.66,16.41,16.46,16.46,0.0,0.0,2276.55,3752.6441
20120611,002536.SZ,16.6,16.75,16.38,16.73,16.46,0.27,1.64,3468.88,5769.9995
20120612,002536.SZ,16.48,16.6,16.42,16.48,16.53,-0.05,-0.3,2128.29,3511.1258
20120613,002536.SZ,16.5,16.77,16.5,16.75,16.48,0.27,1.64,4689.03,7820.4847
20120614,002536.SZ,16.76,16.96,16.67,16.8,16.75,0.05,0.3,5485.67,9230.2907
20120615,002536.SZ,16.79,16.9,16.51,16.73,16.8,-0.07,-0.42,3510.27,5874.5866
20120618,002536.SZ,16.81,16.95,16.72,16.83,16.73,0.1,0.6,4367.78,7368.1586
20120619,002536.SZ,16.76,16.88,16.63,16.64,16.83,-0.19,-1.13,3517.5,5872.8731
20120620,002536.SZ,16.65,16.8,16.58,16.66,16.64,0.02,0.12,3779.3,6308.9352
20120621,002536.SZ,16.56,16.66,16.28,16.35,16.66,-0.31,-1.86,4872.68,7991.2395
20120625,002536.SZ,16.35,16.35,15.86,15.88,16.35,-0.47,-2.87,4240.9,6830.8823
20120626,002536.SZ,15.99,16.11,15.83,16.05,15.88,0.17,1.07,2371.89,3783.6405
20120627,002536.SZ,16.08,16.2,15.93,15.98,16.05,-0.07,-0.44,2550.92,4094.599
20120628,002536.SZ,16.22,16.25,15.88,15.89,15.98,-0.09,-0.56,2537.1,4079.3078
20120629,002536.SZ,15.87,16.0,15.73,16.0,15.89,0.11,0.69,3923.65,6229.6239
20120702,002536.SZ,16.07,16.18,15.9,16.12,16.0,0.12,0.75,3256.98,5218.4993
20120703,002536.SZ,15.98,16.2,15.94,16.12,16.12,0.0,0.0,3185.15,5126.3065
20120704,002536.SZ,16.18,16.19,16.0,16.02,16.12,-0.1,-0.62,1969.95,3165.9059
20120705,002536.SZ,16.05,16.05,15.4,15.52,16.02,-0.5,-3.12,5733.47,8978.4293
20120706,002536.SZ,15.7,15.7,15.33,15.63,15.52,0.11,0.71,5001.84,7772.2087
20120709,002536.SZ,15.41,15.75,15.06,15.69,15.63,0.06,0.38,9054.33,13874.2241
20120710,002536.SZ,15.48,16.03,15.39,15.94,15.69,0.25,1.59,8083.85,12770.2134
20120711,002536.SZ,15.76,16.7,15.76,16.25,15.94,0.31,1.94,16908.86,27624.2421
20120712,002536.SZ,16.6,16.94,16.25,16.88,16.25,0.63,3.88,20002.41,33288.2978
20120713,002536.SZ,16.68,16.97,16.52,16.74,16.88,-0.14,-0.83,8136.63,13612.3757
20120716,002536.SZ,16.55,16.68,15.18,15.21,16.74,-1.53,-9.14,8928.52,14199.6336
20120717,002536.SZ,15.28,15.46,15.0,15.3,15.21,0.09,0.59,4035.96,6146.5529
20120718,002536.SZ,15.37,15.5,15.2,15.47,15.3,0.17,1.11,2868.5,4399.0346
20120719,002536.SZ,15.32,15.7,15.32,15.59,15.47,0.12,0.78,3170.75,4942.4167
20120720,002536.SZ,15.59,15.66,15.47,15.63,15.59,0.04,0.26,1894.26,2950.549
20120723,002536.SZ,15.75,15.95,15.42,15.48,15.63,-0.15,-0.96,2264.91,3533.1544
20120724,002536.SZ,15.48,15.66,15.3,15.53,15.48,0.05,0.32,1439.62,2234.1368
20120725,002536.SZ,15.53,15.63,15.37,15.49,15.53,-0.04,-0.26,1689.47,2619.0934
20120726,002536.SZ,15.48,15.69,15.41,15.46,15.49,-0.03,-0.19,2063.25,3210.1709
20120727,002536.SZ,15.43,15.58,15.43,15.48,15.46,0.02,0.13,1696.26,2627.7269
20120730,002536.SZ,15.48,15.55,15.15,15.21,15.48,-0.27,-1.74,1749.5,2677.8069
20120731,002536.SZ,15.15,15.2,14.85,14.88,15.21,-0.33,-2.17,2501.56,3739.887
20120801,002536.SZ,15.0,15.24,14.89,15.06,14.88,0.18,1.21,2225.76,3353.8331
20120802,002536.SZ,14.92,15.1,14.8,14.83,15.06,-0.23,-1.53,1605.0,2392.947
20120803,002536.SZ,14.86,15.15,14.85,15.13,14.83,0.3,2.02,1677.83,2527.013
20120806,002536.SZ,15.04,15.44,15.03,15.44,15.13,0.31,2.05,2777.3,4240.7135
20120807,002536.SZ,15.34,15.5,15.34,15.45,15.44,0.01,0.06,2438.83,3764.5295
20120808,002536.SZ,15.5,15.53,15.33,15.41,15.45,-0.04,-0.26,1942.5,2992.009
20120809,002536.SZ,15.44,15.57,15.4,15.57,15.41,0.16,1.04,3526.89,5460.5092
20120810,002536.SZ,15.54,15.54,15.38,15.45,15.57,-0.12,-0.77,3122.83,4817.5147
20120813,002536.SZ,15.4,15.6,15.27,15.3,15.45,-0.15,-0.97,3373.5,5229.9638
20120814,002536.SZ,15.31,15.42,15.0,15.26,15.3,-0.04,-0.26,2983.03,4519.2033
20120815,002536.SZ,15.16,15.42,15.02,15.15,15.26,-0.11,-0.72,2108.01,3203.0122
20120816,002536.SZ,15.3,15.3,15.1,15.14,15.15,-0.01,-0.07,1351.47,2049.5418
20120817,002536.SZ,15.04,15.26,15.04,15.2,15.14,0.06,0.4,1014.97,1538.0889
20120820,002536.SZ,15.11,15.21,15.02,15.21,15.2,0.01,0.07,1495.66,2265.1118
20120821,002536.SZ,15.23,15.45,15.23,15.41,15.21,0.2,1.31,2596.01,3992.3346
20120822,002536.SZ,15.4,15.46,15.28,15.35,15.41,-0.06,-0.39,1618.24,2492.6943
20120823,002536.SZ,15.23,15.5,15.23,15.49,15.35,0.14,0.91,2181.55,3367.3384
20120824,002536.SZ,15.45,15.51,15.13,15.24,15.49,-0.25,-1.61,2929.0,4497.1952
20120827,002536.SZ,15.24,15.24,14.81,14.81,15.24,-0.43,-2.82,2325.49,3477.4357
20120828,002536.SZ,14.9,15.04,14.81,15.02,14.81,0.21,1.42,1117.19,1665.1802
20120829,002536.SZ,14.98,15.12,14.92,14.95,15.02,-0.07,-0.47,1036.39,1554.7803
20120830,002536.SZ,14.95,15.07,14.65,14.8,14.95,-0.15,-1.0,2230.65,3308.6788
20120831,002536.SZ,14.67,14.88,14.67,14.85,14.8,0.05,0.34,1234.0,1827.6557
20120903,002536.SZ,14.88,15.04,14.88,15.02,14.85,0.17,1.14,1877.52,2808.7592
20120904,002536.SZ,15.01,15.13,14.83,14.9,15.02,-0.12,-0.8,2303.1,3444.0545
20120905,002536.SZ,14.9,15.04,14.7,15.0,14.9,0.1,0.67,1763.11,2634.1096
20120906,002536.SZ,14.94,15.2,14.94,15.2,15.0,0.2,1.33,2848.96,4303.4864
20120907,002536.SZ,15.27,15.79,15.2,15.61,15.2,0.41,2.7,6085.55,9455.6831
20120910,002536.SZ,15.56,15.74,15.43,15.61,15.61,0.0,0.0,4717.62,7347.3807
20120911,002536.SZ,15.52,15.59,15.38,15.54,15.61,-0.07,-0.45,3933.59,6081.2319
20120912,002536.SZ,15.54,15.67,15.4,15.64,15.54,0.1,0.64,4853.49,7546.3726
20120913,002536.SZ,15.63,15.74,15.45,15.55,15.64,-0.09,-0.58,5851.87,9157.4845
20120914,002536.SZ,15.6,15.65,15.37,15.54,15.55,-0.01,-0.06,3250.24,5047.0794
20120917,002536.SZ,15.46,15.53,15.0,15.0,15.54,-0.54,-3.47,3224.85,4919.5386
20120918,002536.SZ,15.0,15.18,14.85,15.02,15.0,0.02,0.13,1397.71,2093.38
20120919,002536.SZ,15.02,15.1,14.96,15.0,15.02,-0.02,-0.13,2050.44,3081.6673
20120920,002536.SZ,15.01,15.19,14.63,14.63,15.0,-0.37,-2.47,2180.59,3227.5967
20120921,002536.SZ,14.74,14.82,14.54,14.62,14.63,-0.01,-0.07,876.45,1284.7728
20120924,002536.SZ,14.58,14.65,14.4,14.63,14.62,0.01,0.07,709.01,1029.508
20120925,002536.SZ,14.63,14.72,14.5,14.62,14.63,-0.01,-0.07,965.21,1408.6487
20120926,002536.SZ,14.6,14.66,14.24,14.24,14.62,-0.38,-2.6,1969.0,2844.8352
20120927,002536.SZ,14.24,14.59,14.24,14.54,14.24,0.3,2.11,2214.92,3199.6015
20120928,002536.SZ,14.53,14.7,14.45,14.65,14.54,0.11,0.76,1565.81,2280.5161
20121008,002536.SZ,14.67,14.78,14.63,14.68,14.65,0.03,0.2,1296.56,1902.8517
20121009,002536.SZ,14.56,15.05,14.56,14.99,14.68,0.31,2.11,2817.01,4208.7949
20121010,002536.SZ,14.92,15.12,14.9,15.07,14.99,0.08,0.53,3604.88,5415.5512
20121011,002536.SZ,14.91,15.0,14.6,14.65,15.07,-0.42,-2.79,4778.27,7073.1687
20121012,002536.SZ,14.71,14.82,14.53,14.64,14.65,-0.01,-0.07,2208.16,3236.1601
20121015,002536.SZ,14.64,14.68,14.4,14.43,14.64,-0.21,-1.43,1577.64,2294.0842
20121016,002536.SZ,14.45,14.67,14.45,14.47,14.43,0.04,0.28,1214.4,1768.9342
20121017,002536.SZ,14.64,14.64,14.4,14.57,14.47,0.1,0.69,1222.11,1771.3406
20121018,002536.SZ,14.55,15.05,14.55,15.05,14.57,0.48,3.29,7149.44,10644.4184
20121019,002536.SZ,14.98,15.3,14.91,15.06,15.05,0.01,0.07,10213.69,15480.8465
20121022,002536.SZ,15.02,15.7,14.73,15.6,15.06,0.54,3.59,26888.36,41278.6957
20121023,002536.SZ,15.95,16.0,15.26,15.26,15.6,-0.34,-2.18,12473.36,19482.6995
20121024,002536.SZ,15.09,15.27,15.08,15.15,15.26,-0.11,-0.72,4589.69,6942.3774
20121025,002536.SZ,15.15,15.49,14.97,15.0,15.15,-0.15,-0.99,7809.8,11865.3172
20121026,002536.SZ,15.08,15.08,14.68,14.94,15.0,-0.06,-0.4,5555.18,8252.4766
20121029,002536.SZ,15.26,15.26,14.81,14.89,14.94,-0.05,-0.33,1871.38,2795.5129
20121030,002536.SZ,14.75,14.95,14.75,14.84,14.89,-0.05,-0.34,3032.59,4492.5273
20121031,002536.SZ,14.76,14.86,14.58,14.8,14.84,-0.04,-0.27,1929.61,2838.7936
20121101,002536.SZ,14.8,15.35,14.68,15.18,14.8,0.38,2.57,8689.52,13021.1928
20121102,002536.SZ,15.07,15.38,14.98,15.18,15.18,0.0,0.0,4327.84,6546.5439
20121105,002536.SZ,15.2,15.28,15.1,15.12,15.18,-0.06,-0.4,2782.0,4217.1096
20121106,002536.SZ,15.1,15.1,14.85,14.95,15.12,-0.17,-1.12,1873.99,2801.6441
20121107,002536.SZ,15.0,15.06,14.82,14.9,14.95,-0.05,-0.33,3038.45,4525.6568
20121108,002536.SZ,14.8,14.87,14.44,14.58,14.9,-0.32,-2.15,3318.6,4853.4288
20121109,002536.SZ,14.53,14.89,14.42,14.8,14.58,0.22,1.51,4203.83,6143.9888
20121112,002536.SZ,14.78,14.86,14.63,14.68,14.8,-0.12,-0.81,2903.0,4268.8507
20121113,002536.SZ,14.63,14.64,14.37,14.39,14.68,-0.29,-1.98,1640.0,2374.549
20121114,002536.SZ,14.55,14.57,14.29,14.48,14.39,0.09,0.63,3123.4,4494.3437
20121115,002536.SZ,14.41,14.5,13.98,14.04,14.48,-0.44,-3.04,3996.0,5677.849
20121116,002536.SZ,13.92,14.01,13.8,13.87,14.04,-0.17,-1.21,1883.77,2609.9456
20121119,002536.SZ,13.85,13.95,13.83,13.9,13.87,0.03,0.22,1471.75,2044.6466
20121120,002536.SZ,14.06,14.06,13.8,13.88,13.9,-0.02,-0.14,2225.77,3098.1694
20121121,002536.SZ,13.88,14.05,13.81,13.92,13.88,0.04,0.29,4171.92,5812.5266
20121122,002536.SZ,13.95,14.14,13.89,14.06,13.92,0.14,1.01,6295.78,8802.1168
20121123,002536.SZ,13.94,14.09,13.89,14.04,14.06,-0.02,-0.14,3412.03,4776.7206
20121126,002536.SZ,14.09,14.1,13.92,13.99,14.04,-0.05,-0.36,2171.59,3041.9194
20121127,002536.SZ,13.94,13.98,13.3,13.36,13.99,-0.63,-4.5,3301.0,4490.862
20121128,002536.SZ,13.38,13.38,12.03,12.84,13.36,-0.52,-3.89,3285.65,4245.691
20121129,002536.SZ,12.77,13.06,12.23,12.5,12.84,-0.34,-2.65,2317.14,2941.6402
20121130,002536.SZ,12.35,12.62,12.35,12.5,12.5,0.0,0.0,2329.98,2912.9352
20121203,002536.SZ,12.5,12.58,12.1,12.19,12.5,-0.31,-2.48,2482.91,3066.5448
20121204,002536.SZ,12.07,12.36,12.04,12.3,12.19,0.11,0.9,1209.78,1473.9009
20121205,002536.SZ,12.3,12.97,12.3,12.76,12.3,0.46,3.74,3790.2,4810.3404
20121206,002536.SZ,12.7,12.87,12.6,12.64,12.76,-0.12,-0.94,2303.01,2927.2407
20121207,002536.SZ,12.58,12.98,12.57,12.9,12.64,0.26,2.06,6026.63,7725.6915
20121210,002536.SZ,12.95,13.27,12.9,13.17,12.9,0.27,2.09,5769.76,7571.7549
20121211,002536.SZ,13.21,13.31,13.06,13.11,13.17,-0.06,-0.46,4843.5,6402.2639
20121212,002536.SZ,13.01,13.13,12.84,13.06,13.11,-0.05,-0.38,3978.41,5164.9186
20121213,002536.SZ,12.88,13.1,12.84,12.87,13.06,-0.19,-1.45,1979.0,2562.5568
20121214,002536.SZ,12.81,13.42,12.81,13.39,12.87,0.52,4.04,5751.23,7608.2488
20121217,002536.SZ,13.35,13.48,13.27,13.31,13.39,-0.08,-0.6,3502.54,4686.8756
20121218,002536.SZ,13.33,13.5,13.22,13.31,13.31,0.0,0.0,3000.62,4009.8697
20121219,002536.SZ,13.28,13.37,13.1,13.3,13.31,-0.01,-0.08,6964.49,9211.5165
20121220,002536.SZ,13.2,13.36,13.14,13.24,13.3,-0.06,-0.45,6202.65,8213.6861
20121221,002536.SZ,13.24,13.58,13.24,13.45,13.24,0.21,1.59,8326.32,11181.8345
20121224,002536.SZ,13.5,13.93,13.48,13.74,13.45,0.29,2.16,16314.09,22478.1601
20121225,002536.SZ,13.8,14.48,13.76,14.26,13.74,0.52,3.78,20413.25,29026.9821
20121226,002536.SZ,14.26,14.75,14.26,14.7,14.26,0.44,3.09,19915.68,28894.0306
20121227,002536.SZ,14.67,15.08,14.47,14.53,14.7,-0.17,-1.16,20651.42,30630.9965
20121228,002536.SZ,14.59,14.65,14.01,14.52,14.53,-0.01,-0.07,12632.1,18202.4375
20121231,002536.SZ,14.51,14.67,14.36,14.4,14.52,-0.12,-0.83,8266.74,11945.0169
20130104,002536.SZ,14.51,14.9,14.44,14.74,14.4,0.34,2.36,11290.88,16620.8203
20130107,002536.SZ,14.74,14.74,14.42,14.66,14.74,-0.08,-0.54,6583.51,9610.6043
20130108,002536.SZ,14.72,15.0,14.6,14.9,14.66,0.24,1.64,9918.86,14745.113
20130109,002536.SZ,14.96,14.96,14.6,14.72,14.9,-0.18,-1.21,8703.29,12820.0432
20130110,002536.SZ,14.75,14.81,14.64,14.7,14.72,-0.02,-0.14,5069.01,7458.0476
20130111,002536.SZ,14.73,14.96,14.45,14.58,14.7,-0.12,-0.82,9060.96,13365.5784
20130114,002536.SZ,14.55,16.04,14.45,15.6,14.58,1.02,7.0,19067.52,29014.5082
20130115,002536.SZ,15.53,15.8,15.53,15.63,15.6,0.03,0.19,13561.58,21235.0827
20130116,002536.SZ,15.53,15.81,15.16,15.36,15.63,-0.27,-1.73,11967.94,18535.4205
20130117,002536.SZ,15.38,15.56,15.18,15.47,15.36,0.11,0.72,9342.35,14293.9216
20130118,002536.SZ,15.33,15.59,15.09,15.48,15.47,0.01,0.06,8814.96,13533.5232
20130121,002536.SZ,15.3,15.58,15.3,15.48,15.48,0.0,0.0,6582.7,10152.0944
20130122,002536.SZ,15.51,16.05,15.35,15.55,15.48,0.07,0.45,13360.91,21022.9688
20130123,002536.SZ,15.5,15.55,15.1,15.28,15.55,-0.27,-1.74,7076.94,10793.8826
20130124,002536.SZ,15.36,15.41,14.7,14.8,15.28,-0.48,-3.14,6889.4,10371.3155
20130125,002536.SZ,14.99,15.07,14.74,14.91,14.8,0.11,0.74,4341.27,6474.4529
20130128,002536.SZ,15.1,16.3,15.1,15.79,14.91,0.88,5.9,18099.17,28691.2389
20130129,002536.SZ,15.6,15.96,15.55,15.91,15.79,0.12,0.76,9650.11,15259.9323
20130130,002536.SZ,15.85,16.69,15.83,16.53,15.91,0.62,3.9,29620.53,48487.9215
20130131,002536.SZ,16.45,16.54,16.1,16.4,16.53,-0.13,-0.79,8921.95,14547.714
20130201,002536.SZ,16.17,16.74,16.17,16.51,16.4,0.11,0.67,9598.14,15820.5656
20130204,002536.SZ,16.45,16.69,16.1,16.1,16.51,-0.41,-2.48,6765.85,10996.9965
20130205,002536.SZ,16.01,16.15,15.86,16.12,16.1,0.02,0.12,4950.78,7909.0381
20130206,002536.SZ,16.15,16.31,15.9,16.13,16.12,0.01,0.06,3524.53,5696.6665
20130207,002536.SZ,16.13,16.55,16.09,16.28,16.13,0.15,0.93,5204.77,8496.1294
20130208,002536.SZ,16.2,16.62,16.2,16.53,16.28,0.25,1.54,11180.82,18373.4535
20130218,002536.SZ,16.6,16.7,16.28,16.34,16.53,-0.19,-1.15,5813.85,9533.1429
20130219,002536.SZ,16.3,16.32,16.01,16.07,16.34,-0.27,-1.65,5361.63,8637.6485
20130220,002536.SZ,16.07,16.37,15.99,16.31,16.07,0.24,1.49,6759.95,10928.6509
20130221,002536.SZ,16.2,16.31,15.8,15.82,16.31,-0.49,-3.0,8984.1,14369.9829
20130222,002536.SZ,15.75,16.14,15.75,16.08,15.82,0.26,1.64,8225.92,13131.1589
20130225,002536.SZ,16.03,16.19,15.9,16.05,16.08,-0.03,-0.19,4213.11,6741.7961
20130226,002536.SZ,15.9,16.31,15.7,15.73,16.05,-0.32,-1.99,7400.51,11882.8001
20130227,002536.SZ,15.71,16.0,15.4,15.44,15.73,-0.29,-1.84,5189.92,8086.4948
20130228,002536.SZ,15.55,15.75,15.4,15.69,15.44,0.25,1.62,4127.77,6440.0029
20130301,002536.SZ,15.72,15.97,15.72,15.96,15.69,0.27,1.72,4480.31,7108.4572
20130304,002536.SZ,15.94,15.94,15.42,15.46,15.96,-0.5,-3.13,4210.9,6584.3261
20130305,002536.SZ,15.35,15.75,15.35,15.68,15.46,0.22,1.42,3793.41,5932.3338
20130306,002536.SZ,15.73,16.03,15.67,15.9,15.68,0.22,1.4,6188.58,9833.6644
20130307,002536.SZ,15.95,16.15,15.84,15.94,15.9,0.04,0.25,5052.45,8088.2607
20130308,002536.SZ,15.95,16.09,15.75,15.86,15.94,-0.08,-0.5,2585.71,4112.754
20130311,002536.SZ,15.72,15.93,15.72,15.79,15.86,-0.07,-0.44,2507.0,3966.893
20130312,002536.SZ,15.71,15.88,15.08,15.15,15.79,-0.64,-4.05,4193.99,6443.8502
20130313,002536.SZ,15.16,15.32,15.05,15.07,15.15,-0.08,-0.53,2570.49,3884.6279
20130314,002536.SZ,15.07,15.25,14.8,15.09,15.07,0.02,0.13,4236.93,6353.3707
20130315,002536.SZ,15.1,15.3,14.92,15.05,15.09,-0.04,-0.27,3560.46,5385.7029
20130318,002536.SZ,14.91,15.1,14.81,14.85,15.05,-0.2,-1.33,1345.2,2007.6909
20130319,002536.SZ,14.85,14.97,14.76,14.91,14.85,0.06,0.4,1731.41,2574.5899
20130320,002536.SZ,14.91,15.2,14.91,15.18,14.91,0.27,1.81,3436.61,5193.2552
20130321,002536.SZ,15.18,15.28,15.12,15.22,15.18,0.04,0.26,3240.87,4928.8675
20130322,002536.SZ,15.3,15.3,15.14,15.22,15.22,0.0,0.0,2948.02,4483.543
20130325,002536.SZ,15.34,15.34,15.15,15.23,15.22,0.01,0.07,2986.58,4541.6054
20130326,002536.SZ,15.25,15.32,14.95,15.0,15.23,-0.23,-1.51,3926.11,5927.255
20130327,002536.SZ,15.0,15.1,14.88,14.92,15.0,-0.08,-0.53,2225.21,3335.4859
20130328,002536.SZ,14.88,14.88,14.4,14.4,14.92,-0.52,-3.49,3389.0,4921.611
20130329,002536.SZ,14.45,14.53,14.1,14.3,14.4,-0.1,-0.69,3651.71,5203.9169
20130401,002536.SZ,14.2,14.33,14.11,14.26,14.3,-0.04,-0.28,2697.15,3841.9337
20130402,002536.SZ,14.3,14.43,14.02,14.03,14.26,-0.23,-1.61,2406.4,3427.8767
20130403,002536.SZ,14.2,14.25,14.0,14.06,14.03,0.03,0.21,1732.59,2440.1463
20130408,002536.SZ,14.0,14.0,13.75,13.98,14.06,-0.08,-0.57,2069.27,2880.1179
20130409,002536.SZ,14.0,14.27,13.93,14.21,13.98,0.23,1.65,1580.74,2235.83
20130410,002536.SZ,14.14,14.26,14.11,14.17,14.21,-0.04,-0.28,1358.71,1928.7786
20130411,002536.SZ,14.23,15.51,14.18,15.38,14.17,1.21,8.54,10222.24,15061.2929
20130412,002536.SZ,15.13,15.89,14.87,15.4,15.38,0.02,0.13,26087.17,40563.6196
20130415,002536.SZ,15.17,15.47,14.75,14.98,15.4,-0.42,-2.73,6458.2,9695.3052
20130416,002536.SZ,14.79,14.99,14.52,14.98,14.98,0.0,0.0,4938.66,7263.473
20130417,002536.SZ,14.89,15.2,14.81,14.98,14.98,0.0,0.0,3077.44,4595.9685
20130418,002536.SZ,14.79,15.25,14.74,15.12,14.98,0.14,0.93,4089.46,6134.2339
20130419,002536.SZ,15.06,15.41,15.06,15.17,15.12,0.05,0.33,5205.42,7938.4133
20130422,002536.SZ,15.18,15.75,15.09,15.73,15.17,0.56,3.69,9310.01,14438.6113
20130423,002536.SZ,15.3,15.4,14.69,14.69,15.73,-1.04,-6.61,9369.43,14101.4554
20130424,002536.SZ,14.52,14.85,14.52,14.71,14.69,0.02,0.14,4114.03,6034.6899
20130425,002536.SZ,14.7,14.88,14.5,14.5,14.71,-0.21,-1.43,4188.66,6161.318
20130426,002536.SZ,14.69,14.7,14.13,14.15,14.5,-0.35,-2.41,3725.45,5350.2134
20130502,002536.SZ,14.11,14.47,14.11,14.39,14.15,0.24,1.7,1862.0,2652.8106
20130503,002536.SZ,14.41,14.68,14.41,14.58,14.39,0.19,1.32,1687.01,2457.5156
20130506,002536.SZ,14.53,15.06,14.53,14.94,14.58,0.36,2.47,4224.12,6268.2231
20130507,002536.SZ,14.94,15.05,14.73,14.9,14.94,-0.04,-0.27,2015.06,2995.7718
20130508,002536.SZ,14.89,15.27,14.89,15.11,14.9,0.21,1.41,4336.17,6555.4939
20130509,002536.SZ,15.06,15.13,14.78,15.08,15.11,-0.03,-0.2,4553.46,6805.4785
20130510,002536.SZ,15.05,15.57,14.89,15.42,15.08,0.34,2.25,8792.5,13360.7554
20130513,002536.SZ,15.42,15.55,15.26,15.4,15.42,-0.02,-0.13,5282.77,8137.5926
20130514,002536.SZ,15.4,15.5,15.03,15.11,15.4,-0.29,-1.88,4736.92,7233.0714
20130515,002536.SZ,15.13,15.44,14.95,15.42,15.11,0.31,2.05,6577.46,9985.2826
20130516,002536.SZ,15.36,15.55,15.32,15.44,15.42,0.02,0.13,7979.17,12341.6016
20130517,002536.SZ,15.45,15.58,15.33,15.5,15.44,0.06,0.39,8085.19,12524.3445
20130520,002536.SZ,15.6,15.99,15.5,15.86,15.5,0.36,2.32,11221.0,17752.2271
20130521,002536.SZ,15.8,16.19,15.76,16.12,15.86,0.26,1.64,13020.45,20897.0567
20130522,002536.SZ,16.17,16.24,15.79,15.81,16.12,-0.31,-1.92,9033.81,14439.8732
20130523,002536.SZ,15.75,15.98,15.68,15.71,15.81,-0.1,-0.63,5503.12,8706.9821
20130524,002536.SZ,15.72,16.02,15.65,15.98,15.71,0.27,1.72,5697.0,9023.0422
20130527,002536.SZ,16.04,16.37,15.9,16.36,15.98,0.38,2.38,12196.74,19821.4282
20130528,002536.SZ,16.33,16.33,15.95,16.12,16.36,-0.24,-1.47,8144.56,13148.8359
20130529,002536.SZ,16.1,16.29,16.06,16.17,16.12,0.05,0.31,7858.51,12725.8047
20130530,002536.SZ,16.15,16.15,15.86,15.98,16.17,-0.19,-1.18,7274.76,11630.2058
20130531,002536.SZ,15.99,16.15,15.9,15.9,15.98,-0.08,-0.5,7172.36,11483.2513
20130603,002536.SZ,15.81,16.09,15.7,15.89,15.9,-0.01,-0.06,5436.26,8642.3452
20130604,002536.SZ,15.76,16.03,15.46,15.61,15.89,-0.28,-1.76,3777.66,5932.3855
20130605,002536.SZ,15.68,15.86,15.61,15.78,15.61,0.17,1.09,3281.15,5161.1405
20130606,002536.SZ,15.78,15.85,15.52,15.53,15.78,-0.25,-1.58,3499.16,5491.5952
20130607,002536.SZ,15.55,15.85,15.45,15.52,15.53,-0.01,-0.06,5330.64,8337.8071
20130613,002536.SZ,15.5,15.5,14.7,14.92,15.52,-0.6,-3.87,3769.36,5635.3581
20130614,002536.SZ,14.95,15.19,14.92,15.16,14.92,0.24,1.61,2741.69,4136.9169
20130617,002536.SZ,15.8,16.21,15.52,16.04,15.16,0.88,5.8,16339.16,26053.8569
20130618,002536.SZ,15.84,16.16,15.7,16.08,16.04,0.04,0.25,7734.76,12318.2075
20130619,002536.SZ,16.08,16.62,15.7,16.47,16.08,0.39,2.43,17485.83,28442.0679
20130620,002536.SZ,16.37,16.58,15.9,15.9,16.47,-0.57,-3.46,12594.25,20454.6012
20130621,002536.SZ,15.44,15.9,15.24,15.68,15.7,-0.02,-0.13,9495.76,14802.0406
20130624,002536.SZ,15.48,15.57,14.11,14.11,15.68,-1.57,-10.01,10521.01,15720.9936
20130625,002536.SZ,13.75,14.2,12.78,13.88,14.11,-0.23,-1.63,9923.14,13507.9159
20130626,002536.SZ,13.88,14.17,13.57,14.11,13.88,0.23,1.66,6167.68,8583.7429
20130627,002536.SZ,14.21,14.28,13.53,13.58,14.11,-0.53,-3.76,5960.16,8340.5073
20130628,002536.SZ,13.66,14.06,13.26,13.69,13.58,0.11,0.81,3570.23,4897.9374
20130701,002536.SZ,13.7,13.96,13.51,13.96,13.69,0.27,1.97,3687.68,5064.2198
20130702,002536.SZ,13.99,14.18,13.92,14.16,13.96,0.2,1.43,4923.32,6916.6444
20130703,002536.SZ,14.12,14.12,13.77,14.03,14.16,-0.13,-0.92,4553.07,6346.8534
20130704,002536.SZ,13.84,14.34,13.8,14.12,14.03,0.09,0.64,5256.14,7447.0509
20130705,002536.SZ,14.11,14.25,14.0,14.05,14.12,-0.07,-0.5,4790.42,6765.7267
20130708,002536.SZ,13.95,13.95,13.5,13.5,14.05,-0.55,-3.91,3771.67,5138.209
20130709,002536.SZ,13.59,13.77,13.55,13.71,13.5,0.21,1.56,2074.28,2833.5561
20130710,002536.SZ,13.72,14.03,13.53,14.03,13.71,0.32,2.33,3177.0,4399.2055
20130711,002536.SZ,13.9,14.45,13.9,14.33,14.03,0.3,2.14,5544.33,7927.7349
20130712,002536.SZ,14.34,14.4,14.2,14.32,14.33,-0.01,-0.07,4807.89,6890.6
20130715,002536.SZ,14.24,14.64,14.24,14.58,14.32,0.26,1.82,5402.51,7814.3441
20130716,002536.SZ,14.58,14.75,14.44,14.73,14.58,0.15,1.03,4123.22,6025.4212
20130717,002536.SZ,14.6,14.77,14.32,14.4,14.73,-0.33,-2.24,4715.49,6874.2011
20130718,002536.SZ,14.33,14.6,14.3,14.54,14.4,0.14,0.97,3182.12,4604.9771
20130719,002536.SZ,14.4,14.68,14.3,14.3,14.54,-0.24,-1.65,6211.97,9001.8221
20130722,002536.SZ,14.2,14.33,14.03,14.3,14.3,0.0,0.0,3482.67,4947.2907
20130723,002536.SZ,14.42,14.65,14.29,14.62,14.3,0.32,2.24,4706.68,6845.5162
20130724,002536.SZ,14.6,14.71,14.42,14.67,14.62,0.05,0.34,4855.18,7070.0968
20130725,002536.SZ,14.67,14.78,14.45,14.52,14.67,-0.15,-1.02,4972.78,7244.5387
20130726,002536.SZ,14.4,14.63,14.32,14.51,14.52,-0.01,-0.07,3437.3,4963.8813
20130729,002536.SZ,14.5,14.5,14.1,14.21,14.51,-0.3,-2.07,4186.95,5987.6771
20130730,002536.SZ,14.15,14.38,14.09,14.12,14.21,-0.09,-0.63,3998.0,5670.332
20130731,002536.SZ,14.27,14.29,14.1,14.17,14.12,0.05,0.35,3685.53,5233.7634
20130801,002536.SZ,14.1,14.54,14.1,14.53,14.17,0.36,2.54,6321.6,9075.5417
20130802,002536.SZ,14.53,14.7,14.37,14.57,14.53,0.04,0.28,5905.01,8600.2003
20130805,002536.SZ,14.66,15.15,14.41,15.09,14.57,0.52,3.57,9947.33,14771.2987
20130806,002536.SZ,15.01,15.52,14.91,15.38,15.09,0.29,1.92,12161.42,18644.154
20130807,002536.SZ,15.35,15.48,15.01,15.03,15.38,-0.35,-2.28,7845.95,11972.2836
20130808,002536.SZ,15.02,15.44,15.0,15.26,15.03,0.23,1.53,5871.75,8918.1553
20130809,002536.SZ,15.42,15.52,15.06,15.3,15.26,0.04,0.26,5475.7,8377.4805
20130812,002536.SZ,15.3,15.4,15.18,15.32,15.3,0.02,0.13,7399.66,11318.0494
20130813,002536.SZ,15.35,15.7,15.27,15.57,15.32,0.25,1.63,8738.58,13561.0543
20130814,002536.SZ,15.56,15.67,15.35,15.48,15.57,-0.09,-0.58,5405.57,8385.0883
20130815,002536.SZ,15.4,15.61,15.2,15.21,15.48,-0.27,-1.74,5156.57,7917.7547
20130816,002536.SZ,15.1,15.34,14.91,14.92,15.21,-0.29,-1.91,6583.57,9950.2905
20130819,002536.SZ,14.9,15.15,14.76,15.11,14.92,0.19,1.27,4176.52,6269.8536
20130820,002536.SZ,15.11,15.32,15.02,15.31,15.11,0.2,1.32,5480.45,8347.3119
20130821,002536.SZ,15.22,15.43,15.21,15.35,15.31,0.04,0.26,4634.33,7101.4658
20130822,002536.SZ,15.38,15.7,15.16,15.56,15.35,0.21,1.37,8908.66,13809.0434
20130823,002536.SZ,15.56,15.67,15.16,15.37,15.56,-0.19,-1.22,7973.48,12269.5323
20130826,002536.SZ,15.63,16.14,15.5,15.98,15.37,0.61,3.97,15690.62,25066.876
20130827,002536.SZ,15.98,16.11,15.63,15.97,15.98,-0.01,-0.06,9291.8,14724.3183
20130828,002536.SZ,15.8,15.96,15.61,15.69,15.97,-0.28,-1.75,7662.9,12067.2281
20130829,002536.SZ,15.69,15.85,15.46,15.69,15.69,0.0,0.0,5513.95,8631.0868
20130830,002536.SZ,15.6,15.82,15.3,15.34,15.69,-0.35,-2.23,7125.88,11104.5348
20130902,002536.SZ,15.4,15.88,15.2,15.86,15.34,0.52,3.39,6608.52,10305.8107
20130903,002536.SZ,16.01,16.01,15.7,15.83,15.86,-0.03,-0.19,6306.87,10007.5145
20130904,002536.SZ,15.87,16.05,15.8,15.9,15.83,0.07,0.44,4537.0,7207.804
20130905,002536.SZ,15.81,15.96,15.71,15.72,15.9,-0.18,-1.13,3497.58,5527.8468
20130906,002536.SZ,15.72,15.83,15.58,15.78,15.72,0.06,0.38,4401.56,6914.3245
20130909,002536.SZ,15.78,16.05,15.71,15.95,15.78,0.17,1.08,6978.25,11075.013
20130910,002536.SZ,15.95,16.13,15.87,15.88,15.95,-0.07,-0.44,7912.85,12647.8518
20130911,002536.SZ,15.89,16.05,15.66,15.75,15.88,-0.13,-0.82,7464.37,11784.4605
20130912,002536.SZ,15.75,15.98,15.58,15.77,15.75,0.02,0.13,4840.42,7642.2047
20130913,002536.SZ,15.77,15.95,15.62,15.92,15.77,0.15,0.95,4366.73,6914.1975
20130916,002536.SZ,15.8,16.45,15.72,16.28,15.92,0.36,2.26,14278.08,23121.3522
20130917,002536.SZ,16.28,16.41,15.95,15.95,16.28,-0.33,-2.03,7386.7,11943.7706
20130918,002536.SZ,15.95,16.15,15.55,15.76,15.95,-0.19,-1.19,6303.51,9937.5968
20130923,002536.SZ,15.7,15.97,15.51,15.9,15.76,0.14,0.89,5372.59,8491.7405
20130924,002536.SZ,15.85,15.91,15.72,15.85,15.9,-0.05,-0.31,4021.19,6355.9357
20130925,002536.SZ,15.89,15.95,15.75,15.84,15.85,-0.01,-0.06,3843.55,6099.7234
20130926,002536.SZ,15.85,16.25,15.85,15.88,15.84,0.04,0.25,7201.08,11566.1474
20130927,002536.SZ,15.81,16.06,15.7,15.76,15.88,-0.12,-0.76,2992.6,4748.4923
20130930,002536.SZ,15.72,15.97,15.72,15.95,15.76,0.19,1.21,3176.4,5052.5358
20131008,002536.SZ,15.95,16.29,15.88,16.27,15.95,0.32,2.01,8235.53,13340.397
20131009,002536.SZ,16.1,16.46,16.1,16.41,16.27,0.14,0.86,8153.01,13358.894
20131010,002536.SZ,16.52,16.54,16.18,16.35,16.41,-0.06,-0.37,7016.53,11463.1491
20131011,002536.SZ,16.44,16.75,16.01,16.6,16.35,0.25,1.53,11762.09,19379.1285
20131014,002536.SZ,16.59,17.25,16.4,17.05,16.6,0.45,2.71,17661.6,29885.2537
20131015,002536.SZ,17.0,17.11,16.75,17.01,17.05,-0.04,-0.23,9426.5,15972.2691
20131016,002536.SZ,17.0,17.0,16.35,16.45,17.01,-0.56,-3.29,8892.73,14740.8448
20131017,002536.SZ,16.63,17.3,16.61,17.05,16.45,0.6,3.65,16335.27,27853.8677
20131018,002536.SZ,17.05,17.27,16.84,16.95,17.05,-0.1,-0.59,8429.98,14356.1545
20131021,002536.SZ,16.84,17.46,16.84,17.4,16.95,0.45,2.65,14181.22,24485.0738
20131022,002536.SZ,17.4,17.96,17.29,17.6,17.4,0.2,1.15,18059.09,32041.9983
20131023,002536.SZ,17.54,17.9,16.6,16.91,17.6,-0.69,-3.92,12982.53,22432.646
20131024,002536.SZ,16.7,16.86,16.51,16.6,16.91,-0.31,-1.83,10683.29,17787.6626
20131025,002536.SZ,16.7,16.85,16.54,16.63,16.6,0.03,0.18,7506.65,12491.1226
20131028,002536.SZ,16.6,16.75,16.1,16.28,16.63,-0.35,-2.1,8360.0,13673.7452
20131029,002536.SZ,16.28,16.7,15.4,15.8,16.28,-0.48,-2.95,12229.14,19459.6808
20131030,002536.SZ,15.79,16.5,15.53,16.49,15.8,0.69,4.37,11272.23,18199.9544
20131031,002536.SZ,16.5,16.86,16.37,16.6,16.49,0.11,0.67,9498.34,15806.1626
20131101,002536.SZ,16.48,16.87,16.38,16.7,16.6,0.1,0.6,7507.67,12480.3893
20131104,002536.SZ,16.75,16.99,16.48,16.82,16.7,0.12,0.72,6764.66,11376.6042
20131105,002536.SZ,16.89,16.89,16.21,16.67,16.82,-0.15,-0.89,9247.27,15271.1494
20131106,002536.SZ,16.56,17.25,16.56,16.89,16.67,0.22,1.32,14440.54,24511.1364
20131112,002536.SZ,16.98,17.74,16.98,17.39,16.89,0.5,2.96,21703.2,37706.9285
20131113,002536.SZ,17.16,17.63,17.1,17.38,17.39,-0.01,-0.06,16095.41,28051.1448
20131114,002536.SZ,17.18,19.12,17.17,19.12,17.38,1.74,10.01,53379.65,99657.2186
20131115,002536.SZ,19.88,21.03,19.6,21.03,19.12,1.91,9.99,101007.5,205913.8962
20131118,002536.SZ,20.55,21.55,20.48,21.49,21.03,0.46,2.19,76347.23,159402.8835
20131119,002536.SZ,21.45,21.46,20.6,20.76,21.49,-0.73,-3.4,44201.32,92513.2189
20131120,002536.SZ,20.71,21.56,20.65,20.7,20.76,-0.06,-0.29,42367.31,88886.2333
20131121,002536.SZ,20.01,20.2,19.56,19.81,20.7,-0.89,-4.3,50964.93,101158.1676
20131122,002536.SZ,19.85,20.42,19.6,19.81,19.81,0.0,0.0,30794.04,61697.298
20131125,002536.SZ,19.71,20.68,19.36,20.4,19.81,0.59,2.98,37713.88,75943.9258
20131126,002536.SZ,20.25,21.5,20.17,20.59,20.4,0.19,0.93,50747.0,106422.7308
20131127,002536.SZ,20.3,20.88,20.13,20.6,20.59,0.01,0.05,30874.19,63444.6908
20131128,002536.SZ,20.6,22.28,20.56,22.23,20.6,1.63,7.91,61216.1,131314.7131
20131129,002536.SZ,22.0,24.0,21.83,22.8,22.23,0.57,2.56,74529.69,170297.1358
20131202,002536.SZ,20.56,21.79,20.52,20.52,22.8,-2.28,-10.0,46761.94,98096.8062
20131203,002536.SZ,19.8,21.3,18.82,20.94,20.52,0.42,2.05,40526.95,81284.4905
20131204,002536.SZ,20.66,21.84,20.2,20.37,20.94,-0.57,-2.72,44061.12,93476.559
20131205,002536.SZ,20.24,21.28,19.87,20.99,20.37,0.62,3.04,30863.3,63797.4755
20131206,002536.SZ,20.9,21.78,20.69,21.12,20.99,0.13,0.62,34624.09,73870.29
20131209,002536.SZ,21.18,22.27,21.18,22.27,21.12,1.15,5.45,37256.7,81519.6164
20131210,002536.SZ,22.39,22.81,21.65,22.6,22.27,0.33,1.48,42252.63,93894.8742
20131211,002536.SZ,22.28,22.48,21.58,21.84,22.6,-0.76,-3.36,29446.6,64809.8067
20131212,002536.SZ,21.7,22.38,21.58,21.66,21.84,-0.18,-0.82,26640.2,58411.972
20131213,002536.SZ,21.4,22.2,21.19,21.63,21.66,-0.03,-0.14,21969.47,47835.0181
20131216,002536.SZ,21.63,22.18,20.9,20.9,21.63,-0.73,-3.37,26019.83,56177.4235
20131217,002536.SZ,20.92,20.92,19.8,19.9,20.9,-1.0,-4.78,23590.36,47701.2611
20131218,002536.SZ,19.83,20.2,19.45,20.0,19.9,0.1,0.5,12406.76,24682.7365
20131219,002536.SZ,20.08,20.33,19.8,19.87,20.0,-0.13,-0.65,9240.03,18525.4247
20131220,002536.SZ,19.8,20.1,19.51,19.66,19.87,-0.21,-1.06,11222.79,22156.5641
20131223,002536.SZ,19.66,19.7,19.0,19.23,19.66,-0.43,-2.19,12663.96,24536.8492
20131224,002536.SZ,19.36,20.2,19.36,19.84,19.23,0.61,3.17,16453.92,32765.0409
20131225,002536.SZ,20.28,21.82,20.28,21.82,19.84,1.98,9.98,15159.94,32574.3593
20131226,002536.SZ,22.22,23.33,21.38,21.54,21.82,-0.28,-1.28,59546.23,133470.8706
20131227,002536.SZ,21.16,23.19,21.16,22.7,21.54,1.16,5.39,55512.12,124752.3816
20131230,002536.SZ,22.6,23.9,22.43,22.82,22.7,0.12,0.53,53329.09,124407.176
20131231,002536.SZ,22.35,22.73,21.53,21.73,22.82,-1.09,-4.78,33464.95,73488.2078
20140102,002536.SZ,21.5,22.38,21.28,22.15,21.73,0.42,1.93,25977.38,57331.9147
20140103,002536.SZ,22.0,22.7,21.45,22.6,22.15,0.45,2.03,29453.16,65014.2662
20140106,002536.SZ,22.4,22.4,20.39,20.53,22.6,-2.07,-9.16,29721.76,63640.2747
20140107,002536.SZ,20.14,21.03,20.02,20.6,20.53,0.07,0.34,17717.58,36656.0533
20140108,002536.SZ,20.75,21.19,20.43,20.64,20.6,0.04,0.19,15641.85,32525.2041
20140109,002536.SZ,20.68,20.68,19.68,19.88,20.64,-0.76,-3.68,19529.78,39292.8923
20140110,002536.SZ,19.68,20.04,19.29,19.3,19.88,-0.58,-2.92,15214.31,29923.9765
20140113,002536.SZ,19.55,19.69,19.09,19.65,19.3,0.35,1.81,10568.9,20555.1807
20140114,002536.SZ,19.65,20.44,19.5,20.42,19.65,0.77,3.92,19112.52,38165.5747
20140115,002536.SZ,20.24,20.49,19.9,20.19,20.42,-0.23,-1.13,19672.43,39546.7781
20140116,002536.SZ,20.39,20.39,20.01,20.11,20.19,-0.08,-0.4,16059.05,32369.1454
20140117,002536.SZ,20.09,20.09,19.11,19.15,20.11,-0.96,-4.77,20920.96,40611.8075
20140120,002536.SZ,19.15,19.49,18.81,19.4,19.15,0.25,1.31,9981.48,19203.6098
20140121,002536.SZ,19.28,19.67,19.2,19.41,19.4,0.01,0.05,11252.77,21862.7083
20140122,002536.SZ,19.38,19.98,19.35,19.9,19.41,0.49,2.52,13170.54,26001.5339
20140123,002536.SZ,19.9,20.37,19.83,20.2,19.9,0.3,1.51,16571.2,33323.9484
20140124,002536.SZ,20.13,20.75,20.0,20.59,20.2,0.39,1.93,25480.3,51918.0674
20140127,002536.SZ,20.36,20.47,20.06,20.1,20.59,-0.49,-2.38,17789.79,35959.9081
20140128,002536.SZ,20.04,20.43,19.4,19.7,20.1,-0.4,-1.99,14760.19,29175.6411
20140129,002536.SZ,19.01,19.03,18.0,18.22,19.7,-1.48,-7.51,41303.25,76173.1959
20140130,002536.SZ,18.19,18.5,18.15,18.28,18.22,0.06,0.33,11595.12,21295.1826
20140207,002536.SZ,18.26,18.77,18.17,18.76,18.28,0.48,2.63,11603.78,21496.3111
20140210,002536.SZ,18.77,19.38,18.66,19.21,18.76,0.45,2.4,17526.47,33527.3742
20140211,002536.SZ,19.21,19.6,19.0,19.21,19.21,0.0,0.0,17960.34,34718.0988
20140212,002536.SZ,19.2,19.89,19.15,19.88,19.21,0.67,3.49,22505.3,44114.2377
20140213,002536.SZ,19.89,20.23,19.65,19.65,19.88,-0.23,-1.16,21952.43,43712.9513
20140214,002536.SZ,19.65,20.43,19.65,20.28,19.65,0.63,3.21,20537.84,41299.2771
20140217,002536.SZ,20.28,22.31,20.23,22.31,20.28,2.03,10.01,56882.05,123338.0459
20140218,002536.SZ,22.69,22.69,21.5,22.15,22.31,-0.16,-0.72,57515.02,126041.5642
20140219,002536.SZ,22.0,22.2,21.6,21.99,22.15,-0.16,-0.72,29781.13,64930.38
20140220,002536.SZ,22.15,22.2,20.8,21.15,21.99,-0.84,-3.82,23274.32,49830.5706
20140221,002536.SZ,20.95,21.52,20.89,21.04,21.15,-0.11,-0.52,14027.29,29754.6123
20140224,002536.SZ,20.85,21.55,20.85,21.4,21.04,0.36,1.71,13781.98,29330.3463
20140225,002536.SZ,21.36,21.97,19.26,19.58,21.4,-1.82,-8.5,23518.9,48178.6207
20140226,002536.SZ,19.31,19.58,18.78,19.43,19.58,-0.15,-0.77,11522.41,22225.8688
20140227,002536.SZ,19.42,19.95,18.89,18.98,19.43,-0.45,-2.32,15268.82,29917.5147
20140228,002536.SZ,18.91,19.58,18.83,19.58,18.98,0.6,3.16,11184.9,21459.9112
20140303,002536.SZ,19.87,19.88,19.28,19.76,19.58,0.18,0.92,8754.75,17219.8938
20140304,002536.SZ,19.62,20.25,19.4,20.25,19.76,0.49,2.48,11034.95,21912.9114
20140305,002536.SZ,20.36,20.47,19.8,19.9,20.25,-0.35,-1.73,10117.33,20359.2834
20140306,002536.SZ,19.89,20.01,19.1,19.42,19.9,-0.48,-2.41,11657.96,22722.3434
20140307,002536.SZ,19.42,19.97,19.29,19.6,19.42,0.18,0.93,7832.92,15424.9764
20140310,002536.SZ,19.39,19.48,18.9,18.97,19.6,-0.63,-3.21,9905.47,18924.7864
20140311,002536.SZ,18.97,19.1,18.66,18.81,18.97,-0.16,-0.84,6052.95,11386.6599
20140312,002536.SZ,18.81,19.0,18.35,18.64,18.81,-0.17,-0.9,5770.04,10775.6748
20140313,002536.SZ,18.95,18.96,18.67,18.93,18.64,0.29,1.56,4194.26,7904.6273
20140314,002536.SZ,18.85,18.97,18.69,18.82,18.93,-0.11,-0.58,4459.81,8396.5992
20140317,002536.SZ,18.8,19.6,18.8,19.6,18.82,0.78,4.14,7925.21,15292.1338
20140318,002536.SZ,19.7,19.76,19.2,19.46,19.6,-0.14,-0.71,6099.54,11875.7181
20140319,002536.SZ,19.41,20.05,19.21,19.88,19.46,0.42,2.16,13958.79,27527.7073
20140320,002536.SZ,19.88,20.2,19.0,19.0,19.88,-0.88,-4.43,13732.48,26820.1351
20140321,002536.SZ,19.0,19.45,18.65,19.39,19.0,0.39,2.05,7319.26,13967.386
20140324,002536.SZ,19.58,19.8,19.2,19.55,19.39,0.16,0.83,6371.45,12439.584
20140325,002536.SZ,19.55,19.79,19.24,19.62,19.55,0.07,0.36,7209.62,14090.2959
20140326,002536.SZ,19.74,19.75,19.44,19.56,19.62,-0.06,-0.31,6312.46,12348.694
20140327,002536.SZ,19.55,19.78,18.78,18.78,19.56,-0.78,-3.99,10031.95,19244.4034
20140328,002536.SZ,18.82,19.18,18.18,18.42,18.78,-0.36,-1.92,9233.96,17168.1047
20140331,002536.SZ,18.42,18.67,18.0,18.08,18.42,-0.34,-1.85,7995.44,14598.0466
20140401,002536.SZ,18.08,18.58,17.89,18.55,18.08,0.47,2.6,7442.25,13657.0061
20140402,002536.SZ,18.55,18.64,18.35,18.57,18.55,0.02,0.11,4980.84,9223.8086
20140403,002536.SZ,18.57,18.68,18.5,18.61,18.57,0.04,0.22,3642.76,6767.1777
20140404,002536.SZ,18.5,18.72,18.5,18.7,18.61,0.09,0.48,3897.2,7263.7516
20140408,002536.SZ,18.51,18.98,18.5,18.82,18.7,0.12,0.64,5170.68,9736.0994
20140409,002536.SZ,18.93,19.15,18.79,19.09,18.82,0.27,1.43,5068.52,9637.7825
20140410,002536.SZ,19.11,19.15,18.81,18.91,19.09,-0.18,-0.94,6558.66,12449.4046
20140411,002536.SZ,18.84,19.2,18.7,19.01,18.91,0.1,0.53,8156.61,15419.7467
20140414,002536.SZ,18.97,19.5,18.85,19.25,19.01,0.24,1.26,7266.8,13841.4724
20140415,002536.SZ,19.4,19.4,18.99,18.99,19.25,-0.26,-1.35,4105.72,7841.3497
20140416,002536.SZ,18.95,19.17,18.85,18.99,18.99,0.0,0.0,4423.92,8386.6245
20140417,002536.SZ,19.04,19.14,18.91,18.92,18.99,-0.07,-0.37,3126.59,5934.9966
20140418,002536.SZ,18.92,20.43,18.81,20.0,18.92,1.08,5.71,20526.25,40412.3387
20140421,002536.SZ,19.9,20.86,19.73,20.11,20.0,0.11,0.55,31632.18,64343.1395
20140422,002536.SZ,20.11,20.15,19.2,19.47,20.11,-0.64,-3.18,15693.62,30768.8626
20140423,002536.SZ,19.69,19.76,19.12,19.24,19.47,-0.23,-1.18,9103.91,17689.9473
20140424,002536.SZ,18.88,18.88,18.1,18.35,19.24,-0.89,-4.63,14125.58,26135.5399
20140425,002536.SZ,18.22,18.66,18.08,18.08,18.35,-0.27,-1.47,6253.98,11431.4029
20140428,002536.SZ,18.07,18.07,17.05,17.06,18.08,-1.02,-5.64,8133.49,14131.8365
20140429,002536.SZ,17.19,17.49,17.06,17.44,17.06,0.38,2.23,3982.22,6861.5083
20140430,002536.SZ,17.54,18.06,17.32,17.88,17.44,0.44,2.52,4722.77,8347.6731
20140505,002536.SZ,17.99,18.35,17.66,17.94,17.88,0.06,0.34,4645.56,8314.6266
20140506,002536.SZ,17.94,18.34,17.8,18.19,17.94,0.25,1.39,5635.95,10222.7984
20140507,002536.SZ,18.66,18.84,17.91,18.13,18.19,-0.06,-0.33,8544.15,15759.2897
20140508,002536.SZ,17.95,18.26,17.65,18.01,18.13,-0.12,-0.66,5002.87,9012.7534
20140509,002536.SZ,17.85,18.28,17.85,17.95,18.01,-0.06,-0.33,5241.61,9437.4472
20140512,002536.SZ,18.0,18.29,17.98,18.25,17.95,0.3,1.67,7111.79,12888.7185
20140513,002536.SZ,18.25,18.44,18.13,18.2,18.25,-0.05,-0.27,4656.21,8510.0716
20140514,002536.SZ,18.15,18.45,17.95,18.05,18.2,-0.15,-0.82,6895.55,12484.3307
20140515,002536.SZ,18.0,18.12,17.73,17.79,18.05,-0.26,-1.44,4978.98,8927.1109
20140516,002536.SZ,17.82,18.0,17.66,17.99,17.79,0.2,1.12,4395.09,7850.7084
20140519,002536.SZ,17.95,17.95,17.52,17.84,17.99,-0.15,-0.83,3314.92,5857.8848
20140520,002536.SZ,17.87,18.22,17.85,17.86,17.84,0.02,0.11,4188.35,7544.0678
20140521,002536.SZ,17.9,18.15,17.72,18.1,17.86,0.24,1.34,2123.82,3813.3695
20140522,002536.SZ,18.1,18.65,18.1,18.24,18.1,0.14,0.77,5423.82,9945.2512
20140523,002536.SZ,18.24,18.3,18.11,18.29,18.24,0.05,0.27,5105.09,9299.2563
20140526,002536.SZ,18.36,18.61,18.36,18.46,18.29,0.17,0.93,6300.49,11635.347
20140527,002536.SZ,18.48,18.5,18.25,18.34,18.46,-0.12,-0.65,4702.93,8641.4077
20140528,002536.SZ,18.3,18.73,18.26,18.67,18.34,0.33,1.8,8740.28,16195.582
20140529,002536.SZ,18.69,18.69,18.36,18.48,18.67,-0.19,-1.02,10184.7,18833.1792
20140530,002536.SZ,18.5,18.55,18.3,18.5,18.48,0.02,0.11,5474.16,10098.6174
20140603,002536.SZ,18.5,19.1,18.5,18.86,18.5,0.36,1.95,16027.59,30259.1929
20140604,002536.SZ,18.72,18.78,18.2,18.41,18.86,-0.45,-2.39,11565.82,21398.8118
20140605,002536.SZ,18.45,18.74,18.2,18.63,18.41,0.22,1.2,7001.07,12972.1189
20140606,002536.SZ,18.68,18.72,18.39,18.56,18.63,-0.07,-0.38,9306.67,17276.6808
20140609,002536.SZ,18.58,18.7,18.37,18.53,18.56,-0.03,-0.16,6393.04,11906.4877
20140610,002536.SZ,18.55,18.99,18.43,18.86,18.53,0.33,1.78,9718.23,18192.3344
20140611,002536.SZ,18.64,18.78,18.56,18.72,18.66,0.06,0.32,8491.75,15858.7869
20140612,002536.SZ,18.64,18.85,18.57,18.75,18.72,0.03,0.16,6616.88,12373.5619
20140613,002536.SZ,18.67,19.12,18.67,19.02,18.75,0.27,1.44,12648.78,23973.4717
20140616,002536.SZ,19.16,19.35,18.98,19.21,19.02,0.19,1.0,13145.09,25185.3209
20140617,002536.SZ,19.2,19.26,18.99,19.01,19.21,-0.2,-1.04,10333.67,19718.9852
20140618,002536.SZ,19.0,19.08,18.74,18.9,19.01,-0.11,-0.58,8842.63,16710.7651
20140619,002536.SZ,18.88,19.55,18.74,18.91,18.9,0.01,0.05,29565.46,56667.8191
20140620,002536.SZ,18.96,20.48,18.92,20.06,18.91,1.15,6.08,46562.79,91769.5913
20140623,002536.SZ,20.01,21.07,19.9,20.95,20.06,0.89,4.44,55762.62,115320.738
20140624,002536.SZ,20.6,20.89,20.55,20.69,20.95,-0.26,-1.24,27268.17,56304.682
20140625,002536.SZ,20.57,20.92,20.3,20.71,20.69,0.02,0.1,24116.07,49741.2414
20140626,002536.SZ,20.4,21.45,20.37,20.53,20.71,-0.18,-0.87,37693.54,78958.6253
20140627,002536.SZ,20.65,21.4,20.31,20.98,20.53,0.45,2.19,38992.65,81864.181
20140630,002536.SZ,21.1,21.27,20.61,20.88,20.98,-0.1,-0.48,23526.87,49056.8382
20140701,002536.SZ,20.88,21.0,20.61,21.0,20.88,0.12,0.57,19388.86,40330.9097
20140702,002536.SZ,21.2,21.49,20.93,21.25,21.0,0.25,1.19,26307.13,55815.0947
20140703,002536.SZ,21.12,21.2,20.8,20.95,21.25,-0.3,-1.41,17318.83,36278.697
20140704,002536.SZ,20.95,21.19,20.57,20.58,20.95,-0.37,-1.77,18139.01,37605.8682
20140707,002536.SZ,20.52,20.84,20.48,20.72,20.58,0.14,0.68,11164.12,23043.3544
20140708,002536.SZ,20.6,20.86,20.35,20.82,20.72,0.1,0.48,15165.74,31333.1982
20140709,002536.SZ,20.72,21.3,20.5,20.52,20.82,-0.3,-1.44,19701.56,41243.2461
20140710,002536.SZ,20.5,21.35,20.49,21.07,20.52,0.55,2.68,24103.9,50758.8333
20140711,002536.SZ,21.02,21.27,20.8,21.05,21.07,-0.02,-0.09,16549.55,34741.0582
20140714,002536.SZ,21.0,21.78,20.84,21.72,21.05,0.67,3.18,32810.29,69978.3589
20140715,002536.SZ,21.55,21.66,21.05,21.22,21.72,-0.5,-2.3,19675.3,41979.2768
20140716,002536.SZ,21.11,21.3,19.95,20.11,21.22,-1.11,-5.23,23033.31,47331.957
20140717,002536.SZ,20.06,20.27,20.0,20.18,20.11,0.07,0.35,7361.93,14815.3475
20140718,002536.SZ,20.08,20.34,20.04,20.13,20.18,-0.05,-0.25,6291.49,12720.4608
20140721,002536.SZ,20.13,20.47,20.13,20.14,20.13,0.01,0.05,6260.32,12693.2163
20140722,002536.SZ,20.14,20.4,20.14,20.3,20.14,0.16,0.79,7264.56,14742.7459
20140723,002536.SZ,20.25,20.35,19.49,19.65,20.3,-0.65,-3.2,16256.94,32198.1374
20140724,002536.SZ,19.51,19.76,19.51,19.72,19.65,0.07,0.36,7413.33,14549.6565
20140725,002536.SZ,19.81,20.18,19.72,20.07,19.72,0.35,1.77,7514.18,15019.2028
20140728,002536.SZ,19.99,20.37,19.99,20.3,20.07,0.23,1.15,7816.5,15850.2129
20140729,002536.SZ,20.33,20.52,20.26,20.39,20.3,0.09,0.44,11116.21,22624.1118
20140730,002536.SZ,20.39,20.48,20.21,20.39,20.39,0.0,0.0,8174.86,16637.1657
20140731,002536.SZ,20.43,20.65,20.31,20.6,20.39,0.21,1.03,10301.25,21110.4004
20140801,002536.SZ,20.59,20.96,20.43,20.65,20.6,0.05,0.24,16194.73,33584.9444
20140804,002536.SZ,20.8,21.19,20.61,21.08,20.65,0.43,2.08,14505.58,30396.9162
20140805,002536.SZ,21.06,21.07,20.7,20.99,21.08,-0.09,-0.43,11739.71,24554.8744
20140806,002536.SZ,20.97,21.06,20.88,20.99,20.99,0.0,0.0,8962.02,18800.0656
20140807,002536.SZ,20.99,21.1,20.68,20.79,20.99,-0.2,-0.95,12266.21,25625.0542
20140808,002536.SZ,20.79,21.02,20.73,20.9,20.79,0.11,0.53,7834.01,16365.4633
20140811,002536.SZ,20.92,21.5,20.9,21.32,20.9,0.42,2.01,14912.36,31750.0473
20140812,002536.SZ,21.31,22.12,21.31,21.95,21.32,0.63,2.96,33523.23,73035.5327
20140813,002536.SZ,22.0,22.95,21.68,22.13,21.95,0.18,0.82,32143.29,71455.2052
20140814,002536.SZ,21.81,22.3,21.49,21.9,22.13,-0.23,-1.04,38625.38,84114.6049
20140815,002536.SZ,21.8,22.68,21.65,22.56,21.9,0.66,3.01,28530.08,63665.3802
20140818,002536.SZ,23.0,23.58,22.62,23.22,22.56,0.66,2.93,31576.5,72742.1753
20140819,002536.SZ,23.19,23.6,23.03,23.35,23.22,0.13,0.56,27382.72,63886.0329
20140820,002536.SZ,23.35,23.39,22.88,22.93,23.35,-0.42,-1.8,14279.85,32956.4347
20140821,002536.SZ,23.0,23.8,22.93,23.2,22.93,0.27,1.18,21125.94,49230.5493
20140822,002536.SZ,23.23,23.38,23.0,23.21,23.2,0.01,0.04,12675.32,29350.721
20140825,002536.SZ,23.17,23.17,22.61,22.71,23.21,-0.5,-2.15,13138.6,29981.0044
20140826,002536.SZ,22.71,22.79,21.92,22.0,22.71,-0.71,-3.13,14823.48,33121.6311
20140827,002536.SZ,22.19,23.21,22.15,23.18,22.0,1.18,5.36,27094.98,61963.5021
20140903,002536.SZ,24.37,24.45,23.33,23.89,23.18,0.71,3.06,55737.38,132984.8915
20140904,002536.SZ,23.5,24.33,23.31,24.08,23.89,0.19,0.8,33081.59,79054.7732
20140905,002536.SZ,23.9,25.36,23.88,24.98,24.08,0.9,3.74,31761.61,79140.9234
20140909,002536.SZ,24.94,25.4,24.58,25.01,24.98,0.03,0.12,27620.35,69064.1774
20140910,002536.SZ,25.0,25.5,24.78,25.3,25.01,0.29,1.16,20302.31,51247.8946
20140911,002536.SZ,25.3,25.5,24.21,24.72,25.3,-0.58,-2.29,26686.56,66367.9439
20140912,002536.SZ,24.71,24.71,23.89,24.6,24.72,-0.12,-0.49,27626.76,66970.0161
20140915,002536.SZ,24.4,24.67,24.25,24.6,24.6,0.0,0.0,14051.56,34426.9659
20140916,002536.SZ,24.6,24.79,23.57,23.65,24.6,-0.95,-3.86,21597.02,52101.7481
20140917,002536.SZ,23.51,24.07,23.51,24.06,23.65,0.41,1.73,10282.04,24444.434
20140918,002536.SZ,24.07,24.15,23.72,24.03,24.06,-0.03,-0.12,9848.9,23584.1237
20140919,002536.SZ,24.05,24.28,23.92,24.25,24.03,0.22,0.92,9194.96,22204.3311
20140922,002536.SZ,24.0,24.4,23.65,23.7,24.25,-0.55,-2.27,8545.44,20411.0429
20140923,002536.SZ,23.75,24.25,23.59,24.14,23.7,0.44,1.86,11370.61,27184.9826
20140924,002536.SZ,23.98,25.0,23.93,24.97,24.14,0.83,3.44,24893.04,61312.6063
20140925,002536.SZ,25.33,26.82,25.33,25.82,24.97,0.85,3.4,34401.54,89691.8163
20140926,002536.SZ,25.9,26.42,25.56,26.1,25.82,0.28,1.08,20649.83,53801.2043
20140929,002536.SZ,26.1,26.77,26.02,26.5,26.1,0.4,1.53,23697.72,62570.3243
20140930,002536.SZ,26.49,26.77,26.15,26.39,26.5,-0.11,-0.42,13572.49,35759.6419
20141008,002536.SZ,26.39,26.58,26.21,26.5,26.39,0.11,0.42,13503.27,35676.3666
20141009,002536.SZ,26.3,26.54,25.6,26.08,26.5,-0.42,-1.58,19649.49,51146.0717
20141010,002536.SZ,26.04,26.46,25.76,26.03,26.08,-0.05,-0.19,15502.88,40519.5609
20141013,002536.SZ,25.86,27.3,25.65,27.23,26.03,1.2,4.61,30696.21,80901.0951
20141014,002536.SZ,27.0,27.29,26.5,26.85,27.23,-0.38,-1.4,15291.22,41218.8543
20141015,002536.SZ,26.82,27.4,26.82,27.3,26.85,0.45,1.68,19016.34,51699.0666
20141016,002536.SZ,27.13,27.69,26.0,26.3,27.3,-1.0,-3.66,30463.62,81844.0915
20141017,002536.SZ,26.03,26.53,25.23,25.46,26.3,-0.84,-3.19,29655.32,76524.8097
20141020,002536.SZ,25.71,26.44,25.71,26.0,25.46,0.54,2.12,22567.68,59124.1041
20141021,002536.SZ,26.1,26.93,26.07,26.56,26.0,0.56,2.15,28394.81,75359.5552
20141022,002536.SZ,26.4,26.88,26.03,26.21,26.56,-0.35,-1.32,20901.9,55460.1561
20141023,002536.SZ,25.91,26.29,25.63,25.8,26.21,-0.41,-1.56,14143.93,36573.3912
20141024,002536.SZ,25.73,26.29,25.65,25.97,25.8,0.17,0.66,12585.58,32699.7442
20141027,002536.SZ,26.0,26.89,25.7,26.85,25.97,0.88,3.39,17564.58,46442.6324
20141028,002536.SZ,26.92,28.35,26.92,28.06,26.85,1.21,4.51,35156.75,97625.6342
20141029,002536.SZ,28.4,28.4,27.71,27.95,28.06,-0.11,-0.39,27959.77,78305.7572
20141030,002536.SZ,28.1,28.5,27.65,28.0,27.95,0.05,0.18,23289.74,65545.5184
20141031,002536.SZ,28.05,28.77,28.05,28.55,28.0,0.55,1.96,32967.31,93935.5147
20141103,002536.SZ,28.78,29.99,28.55,28.85,28.55,0.3,1.05,42742.86,125083.2658
20141104,002536.SZ,29.0,29.49,28.05,28.33,28.85,-0.52,-1.8,35421.15,101497.7681
20141105,002536.SZ,28.06,28.95,28.0,28.88,28.33,0.55,1.94,23158.27,66168.7049
20141106,002536.SZ,28.84,31.4,28.58,30.73,28.88,1.85,6.41,49541.32,148899.2516
20141107,002536.SZ,30.5,30.98,29.97,30.2,30.73,-0.53,-1.72,28766.79,87638.3355
20141110,002536.SZ,29.93,30.87,29.6,30.31,30.2,0.11,0.36,26056.93,78662.4017
20141111,002536.SZ,30.31,30.49,27.91,28.44,30.31,-1.87,-6.17,43452.86,126022.5758
20141112,002536.SZ,28.36,29.7,28.25,29.65,28.44,1.21,4.25,34545.44,100380.8186
20141113,002536.SZ,29.06,29.29,28.0,28.38,29.65,-1.27,-4.28,28953.09,82563.6555
20141114,002536.SZ,28.39,28.56,27.82,28.22,28.38,-0.16,-0.56,16967.34,47715.0704
20141117,002536.SZ,28.05,29.11,28.03,28.69,28.22,0.47,1.67,15773.05,45286.0649
20141118,002536.SZ,28.69,29.08,28.3,28.97,28.69,0.28,0.98,14676.53,42178.5925
20141119,002536.SZ,29.07,29.25,28.71,28.99,28.97,0.02,0.07,14004.23,40516.4455
20141120,002536.SZ,28.72,29.16,28.58,28.72,28.99,-0.27,-0.93,14079.51,40536.8965
20141121,002536.SZ,28.6,29.3,28.6,29.29,28.72,0.57,1.98,21656.16,62929.0839
20141124,002536.SZ,29.59,29.79,29.2,29.28,29.29,-0.01,-0.03,21721.32,63831.7694
20141125,002536.SZ,29.36,29.85,29.16,29.83,29.28,0.55,1.88,21309.74,62677.0077
20141126,002536.SZ,29.97,30.15,29.31,29.5,29.83,-0.33,-1.11,19987.13,59250.1926
20141127,002536.SZ,29.73,29.98,29.22,29.32,29.5,-0.18,-0.61,23125.39,68323.6075
20141128,002536.SZ,29.55,29.85,28.86,29.45,29.32,0.13,0.44,28858.29,84542.2254
20141201,002536.SZ,29.4,29.4,28.5,28.53,29.45,-0.92,-3.12,25924.51,74593.5778
20141202,002536.SZ,28.43,29.27,28.2,29.08,28.53,0.55,1.93,20065.67,58279.0665
20141203,002536.SZ,29.08,29.49,28.36,29.33,29.08,0.25,0.86,26104.46,75465.7725
20141204,002536.SZ,29.36,30.98,29.36,30.14,29.33,0.81,2.76,30633.28,92451.9835
20141205,002536.SZ,30.0,30.08,28.31,29.03,30.14,-1.11,-3.68,32192.88,93752.2341
20141208,002536.SZ,28.7,29.26,28.4,28.45,29.03,-0.58,-2.0,22837.53,65572.9691
20141209,002536.SZ,28.45,28.68,26.63,27.22,28.45,-1.23,-4.32,33049.77,91484.7377
20141210,002536.SZ,27.11,28.14,27.11,27.83,27.22,0.61,2.24,17529.55,48540.0749
20141211,002536.SZ,27.98,27.98,27.53,27.93,27.83,0.1,0.36,11497.34,31914.4421
20141212,002536.SZ,27.92,28.28,27.68,28.28,27.93,0.35,1.25,12331.56,34444.6152
20141215,002536.SZ,28.18,29.02,28.05,28.95,28.28,0.67,2.37,17400.04,49996.6512
20141216,002536.SZ,29.34,29.34,28.43,28.6,28.95,-0.35,-1.21,14694.12,42148.8174
20141217,002536.SZ,28.69,28.75,27.74,28.0,28.6,-0.6,-2.1,13956.39,39338.4974
20141218,002536.SZ,27.82,28.45,27.81,28.0,28.0,0.0,0.0,9936.14,27872.4677
20141219,002536.SZ,27.85,28.05,26.38,26.68,28.0,-1.32,-4.71,20123.17,54227.6168
20141222,002536.SZ,26.6,26.9,24.98,25.18,26.68,-1.5,-5.62,21583.31,54856.8612
20141223,002536.SZ,25.29,26.06,25.14,25.6,25.18,0.42,1.67,14439.05,37015.9585
20141224,002536.SZ,26.01,27.72,25.8,27.2,25.6,1.6,6.25,23337.2,62505.6222
20141225,002536.SZ,27.21,27.88,26.71,27.18,27.2,-0.02,-0.07,20601.28,56224.6416
20141226,002536.SZ,27.2,27.78,26.82,27.78,27.18,0.6,2.21,19195.48,52209.8181
20141229,002536.SZ,27.48,27.5,26.75,26.78,27.78,-1.0,-3.6,18099.14,48886.4242
20141230,002536.SZ,26.61,27.09,25.82,26.0,26.78,-0.78,-2.91,15346.67,40538.4442
20141231,002536.SZ,26.02,26.5,25.6,26.24,26.0,0.24,0.92,9942.36,25962.8525
20150105,002536.SZ,26.02,26.21,25.12,25.86,26.24,-0.38,-1.45,14539.6,37271.5675
20150106,002536.SZ,25.7,26.46,25.31,26.43,25.86,0.57,2.2,14839.94,38786.6043
20150107,002536.SZ,26.34,26.38,25.6,25.8,26.43,-0.63,-2.38,11830.9,30599.6524
20150108,002536.SZ,25.61,26.13,25.6,25.68,25.8,-0.12,-0.47,9264.01,23944.9754
20150109,002536.SZ,25.65,26.08,25.63,25.65,25.68,-0.03,-0.12,9118.96,23587.416
20150112,002536.SZ,25.4,25.5,24.73,24.87,25.65,-0.78,-3.04,10798.02,26955.2398
20150113,002536.SZ,24.86,25.3,24.8,25.23,24.87,0.36,1.45,9217.47,23054.9078
20150114,002536.SZ,25.23,25.34,24.8,24.96,25.23,-0.27,-1.07,7615.15,19025.3843
20150115,002536.SZ,24.96,26.39,24.84,25.98,24.96,1.02,4.09,19707.81,51234.4666
20150116,002536.SZ,25.98,26.5,25.85,26.35,25.98,0.37,1.42,10276.38,26960.7573
20150119,002536.SZ,26.1,27.84,25.78,26.85,26.35,0.5,1.9,35429.76,96005.1575
20150120,002536.SZ,26.98,28.63,26.98,28.62,26.85,1.77,6.59,35780.78,99357.1013
20150121,002536.SZ,28.59,29.02,28.23,28.54,28.62,-0.08,-0.28,31041.83,88644.7986
20150122,002536.SZ,28.54,28.93,28.01,28.61,28.54,0.07,0.25,21263.74,60623.5879
20150123,002536.SZ,28.61,28.84,27.96,28.07,28.61,-0.54,-1.89,21957.86,62232.6679
20150126,002536.SZ,27.9,28.38,27.85,28.24,28.07,0.17,0.61,12029.33,33876.0074
20150127,002536.SZ,28.15,28.42,27.51,27.93,28.24,-0.31,-1.1,13747.24,38466.9171
20150128,002536.SZ,27.79,28.37,27.62,28.25,27.93,0.32,1.15,13528.76,38108.3674
20150129,002536.SZ,28.1,28.82,28.01,28.73,28.25,0.48,1.7,20218.76,57736.1033
20150130,002536.SZ,28.78,28.89,27.46,27.46,28.73,-1.27,-4.42,16647.67,46856.2505
20150202,002536.SZ,27.18,27.33,26.88,27.3,27.46,-0.16,-0.58,10271.51,27865.94
20150203,002536.SZ,27.27,27.64,27.13,27.52,27.3,0.22,0.81,11652.03,31921.6616
20150204,002536.SZ,27.52,27.65,27.12,27.19,27.52,-0.33,-1.2,12334.35,33729.228
20150205,002536.SZ,27.49,27.49,26.95,26.95,27.19,-0.24,-0.88,8692.82,23572.8552
20150206,002536.SZ,26.98,27.05,25.92,25.95,26.95,-1.0,-3.71,11483.19,30283.1688
20150209,002536.SZ,26.01,26.26,25.0,25.78,25.95,-0.17,-0.66,5457.36,14109.8016
20150210,002536.SZ,25.65,26.26,25.59,26.18,25.78,0.4,1.55,5146.23,13417.568
20150211,002536.SZ,26.15,26.57,26.14,26.5,26.18,0.32,1.22,5417.13,14338.664
20150212,002536.SZ,26.5,27.04,26.33,26.84,26.5,0.34,1.28,6465.5,17299.3766
20150213,002536.SZ,27.15,27.25,26.92,26.97,26.84,0.13,0.48,7842.62,21226.3178
20150216,002536.SZ,27.1,27.39,26.99,27.3,26.97,0.33,1.22,7517.85,20480.5697
20150217,002536.SZ,27.41,27.42,27.18,27.3,27.3,0.0,0.0,5934.27,16197.4711
20150225,002536.SZ,27.33,28.19,27.3,28.0,27.3,0.7,2.56,14187.69,39567.0702
20150226,002536.SZ,27.85,28.07,27.71,28.04,28.0,0.04,0.14,11659.76,32548.0897
20150227,002536.SZ,27.9,28.04,27.72,27.94,28.04,-0.1,-0.36,11833.3,32953.3562
20150302,002536.SZ,27.94,28.58,27.9,28.42,27.94,0.48,1.72,18515.07,52440.6028
20150303,002536.SZ,28.39,28.39,27.6,27.63,28.42,-0.79,-2.78,14040.39,39201.6194
20150304,002536.SZ,27.5,28.28,27.5,28.25,27.63,0.62,2.24,13079.98,36574.7228
20150305,002536.SZ,28.25,28.43,27.88,28.02,28.25,-0.23,-0.81,12313.86,34572.1597
20150306,002536.SZ,28.05,28.25,27.65,27.8,28.02,-0.22,-0.79,9899.85,27598.1741
20150309,002536.SZ,27.7,27.99,27.37,27.9,27.8,0.1,0.36,7355.77,20433.0068
20150310,002536.SZ,28.02,28.38,27.82,28.1,27.9,0.2,0.72,10999.59,31011.8523
20150311,002536.SZ,28.09,28.8,27.9,28.66,28.1,0.56,1.99,19595.77,55558.4221
20150312,002536.SZ,28.65,28.86,27.84,28.25,28.66,-0.41,-1.43,13590.53,38500.8304
20150313,002536.SZ,28.25,29.0,28.25,28.59,28.25,0.34,1.2,14366.01,41230.3451
20150316,002536.SZ,28.8,29.36,28.6,29.12,28.59,0.53,1.85,17517.34,50922.5438
20150317,002536.SZ,29.25,29.85,29.01,29.66,29.12,0.54,1.85,23152.72,68290.5564
20150318,002536.SZ,29.65,29.9,29.5,29.86,29.66,0.2,0.67,16090.37,47832.8357
20150319,002536.SZ,29.84,30.65,29.5,29.71,29.86,-0.15,-0.5,21130.6,63413.6512
20150320,002536.SZ,29.53,31.88,29.53,31.28,29.71,1.57,5.28,33329.44,104162.4887
20150323,002536.SZ,31.27,31.98,31.02,31.8,31.28,0.52,1.66,22874.79,72193.0318
20150324,002536.SZ,31.38,32.99,31.23,32.23,31.8,0.43,1.35,35185.16,112702.0334
20150325,002536.SZ,31.8,32.87,31.53,32.65,32.23,0.42,1.3,25757.51,83224.1138
20150326,002536.SZ,32.4,32.78,31.56,32.12,32.65,-0.53,-1.62,23822.85,76636.2938
20150327,002536.SZ,32.25,35.32,32.25,34.32,32.12,2.2,6.85,37701.78,128563.8889
20150330,002536.SZ,34.01,37.54,33.75,35.26,34.32,0.94,2.74,41129.54,145020.2733
20150331,002536.SZ,35.0,35.33,34.52,34.95,35.26,-0.31,-0.88,25237.78,87952.7988
20150401,002536.SZ,35.0,35.71,35.0,35.55,34.95,0.6,1.72,22230.95,78827.5246
20150402,002536.SZ,35.65,36.49,35.1,35.84,35.55,0.29,0.82,24696.23,88330.9863
20150403,002536.SZ,35.5,36.34,35.24,36.12,35.84,0.28,0.78,24001.39,86165.4007
20150407,002536.SZ,36.2,37.58,35.91,37.4,36.12,1.28,3.54,34057.88,125486.9151
20150408,002536.SZ,37.14,37.83,36.01,36.56,37.4,-0.84,-2.25,26787.64,98897.859
20150409,002536.SZ,36.5,36.55,33.8,34.8,36.56,-1.76,-4.81,35251.23,122798.1522
20150410,002536.SZ,34.33,37.78,34.33,37.03,34.8,2.23,6.41,27645.44,100713.7959
20150413,002536.SZ,36.62,38.97,36.6,38.04,37.03,1.01,2.73,31994.72,122712.1321
20150414,002536.SZ,38.1,39.6,38.1,39.06,38.04,1.02,2.68,30472.02,119049.5984
20150415,002536.SZ,38.8,38.8,36.06,36.21,39.06,-2.85,-7.3,26191.31,98026.2034
20150416,002536.SZ,35.0,38.84,34.5,37.79,36.21,1.58,4.36,31105.26,116451.8694
20150417,002536.SZ,38.5,38.92,37.05,37.83,37.79,0.04,0.11,26331.81,99917.611
20150420,002536.SZ,38.0,38.18,36.0,36.09,37.83,-1.74,-4.6,27045.46,99427.5266
20150421,002536.SZ,37.37,39.7,37.37,39.7,36.09,3.61,10.0,46820.9,183241.1507
20150422,002536.SZ,36.99,38.99,36.31,38.28,39.7,-1.42,-3.58,108956.64,410176.0431
20150423,002536.SZ,37.55,37.89,36.85,37.1,38.28,-1.18,-3.08,58171.12,216351.9876
20150424,002536.SZ,36.5,36.5,35.0,35.42,37.1,-1.68,-4.53,48174.06,172110.2886
20150427,002536.SZ,36.04,36.04,35.05,35.25,35.42,-0.17,-0.48,42215.87,149435.1855
20150428,002536.SZ,35.2,35.57,34.0,34.13,35.25,-1.12,-3.18,32924.59,113604.5509
20150429,002536.SZ,34.29,34.77,33.91,34.66,34.13,0.53,1.55,21487.65,74084.753
20150430,002536.SZ,34.5,35.7,34.42,35.11,34.66,0.45,1.3,30678.01,107765.8515
20150504,002536.SZ,35.22,35.37,34.52,34.97,35.11,-0.14,-0.4,22424.27,78240.1207
20150505,002536.SZ,35.2,37.54,35.01,36.35,34.97,1.38,3.95,69546.19,253845.3244
20150506,002536.SZ,36.0,36.86,35.4,35.56,36.35,-0.79,-2.17,37610.1,135781.9743
20150507,002536.SZ,35.47,35.48,34.14,34.51,35.56,-1.05,-2.95,23429.82,81379.7497
20150508,002536.SZ,34.89,36.01,34.81,35.99,34.51,1.48,4.29,20008.43,70632.8715
20150511,002536.SZ,36.15,38.07,36.13,37.53,35.99,1.54,4.28,51488.53,191721.2449
20150512,002536.SZ,37.8,40.98,36.84,40.43,37.53,2.9,7.73,74615.61,289883.1587
20150513,002536.SZ,40.51,42.5,39.01,41.31,40.43,0.88,2.18,82269.29,340564.052
20150514,002536.SZ,41.25,41.68,40.1,40.57,41.31,-0.74,-1.79,39319.93,160442.6922
20150515,002536.SZ,40.0,43.6,39.2,42.0,40.57,1.43,3.52,52593.39,218530.4119
20150518,002536.SZ,41.39,46.2,41.35,45.49,42.0,3.49,8.31,50390.63,223059.2174
20150519,002536.SZ,45.85,46.33,43.71,45.67,45.49,0.18,0.4,43643.1,196938.6051
20150520,002536.SZ,45.41,49.25,45.0,47.59,45.67,1.92,4.2,43723.72,208429.6624
20150521,002536.SZ,47.56,48.8,46.56,47.76,47.59,0.17,0.36,29061.11,137812.4322
20150522,002536.SZ,47.81,48.38,45.5,46.38,47.76,-1.38,-2.89,42217.99,195878.2353
20150525,002536.SZ,45.1,47.3,44.5,46.0,46.38,-0.38,-0.82,40551.72,185944.0792
20150526,002536.SZ,46.0,50.5,46.0,48.5,46.0,2.5,5.43,42628.46,204800.025
20150527,002536.SZ,48.88,49.98,46.58,48.9,48.5,0.4,0.82,36611.38,177825.621
20150528,002536.SZ,48.78,51.55,48.0,48.06,48.9,-0.84,-1.72,59920.19,295012.2671
20150529,002536.SZ,48.2,49.26,44.0,47.64,48.06,-0.42,-0.87,38961.58,184555.9099
20150601,002536.SZ,50.01,52.4,50.01,52.4,47.64,4.76,9.99,65521.91,340031.7686
20150602,002536.SZ,53.0,55.48,52.0,55.48,52.4,3.08,5.88,42674.82,229842.6785
20150603,002536.SZ,55.3,56.5,52.83,53.28,55.48,-2.2,-3.97,34223.54,185552.5598
20150604,002536.SZ,53.3,53.65,47.95,50.65,53.28,-2.63,-4.94,48527.76,242771.6784
20150605,002536.SZ,51.31,51.77,50.0,50.98,50.65,0.33,0.65,39539.03,200832.1533
20150608,002536.SZ,51.47,54.54,51.02,51.3,50.98,0.32,0.63,41342.92,217431.8979
20150609,002536.SZ,51.31,54.39,51.03,53.36,51.3,2.06,4.02,34636.23,182186.3276
20150610,002536.SZ,52.52,55.58,51.8,55.01,53.36,1.65,3.09,35934.87,194995.843
20150611,002536.SZ,54.99,60.51,54.3,60.4,55.01,5.39,9.8,55157.16,321100.0245
20150612,002536.SZ,59.52,66.28,59.52,62.61,60.4,2.21,3.66,64152.36,402742.3387
20150615,002536.SZ,61.51,65.88,61.07,64.26,62.61,1.65,2.64,47049.35,298546.4973
20150616,002536.SZ,63.2,63.21,58.0,58.5,64.26,-5.76,-8.96,46244.42,280478.2412
20150617,002536.SZ,57.68,62.27,57.5,61.5,58.5,3.0,5.13,35603.29,213301.0256
20150618,002536.SZ,61.9,64.59,59.78,59.78,61.5,-1.72,-2.8,35819.34,224916.8172
20150619,002536.SZ,59.3,59.31,54.38,55.8,59.78,-3.98,-6.66,31246.38,179000.7687
20150623,002536.SZ,56.0,59.2,52.0,59.15,55.8,3.35,6.0,32779.51,183238.3996
20150624,002536.SZ,59.99,62.5,59.5,62.4,59.15,3.25,5.49,42166.2,258120.1
20150625,002536.SZ,62.91,62.99,57.0,59.5,62.4,-2.9,-4.65,40051.27,241281.514
20150626,002536.SZ,57.0,57.44,53.55,53.55,59.5,-5.95,-10.0,27977.28,154726.4124
20150629,002536.SZ,54.81,54.98,48.2,48.2,53.55,-5.35,-9.99,43937.16,220808.486
20150630,002536.SZ,46.0,50.99,43.38,50.67,48.2,2.47,5.12,41930.44,194531.2872
20150701,002536.SZ,50.57,52.58,45.6,45.6,50.67,-5.07,-10.01,37892.27,188622.8915
20150702,002536.SZ,45.0,46.5,41.04,41.04,45.6,-4.56,-10.0,39230.72,166300.9103
20150706,002536.SZ,42.8,43.67,36.94,36.94,41.04,-4.1,-9.99,56237.18,225034.4539
20150714,002536.SZ,40.63,40.63,40.63,40.63,36.94,3.69,9.99,7365.04,29924.1575
20150715,002536.SZ,42.0,42.0,36.57,36.57,40.63,-4.06,-9.99,42129.78,159838.2705
20150716,002536.SZ,33.8,37.14,32.91,34.54,36.57,-2.03,-5.55,60776.95,209997.005
20150717,002536.SZ,35.0,37.83,35.0,37.57,34.54,3.03,8.77,38844.47,141028.0323
20150720,002536.SZ,37.9,39.45,37.02,38.01,37.57,0.44,1.17,42192.44,160703.5124
20150721,002536.SZ,38.0,39.4,37.0,38.49,38.01,0.48,1.26,34103.12,130711.8446
20150722,002536.SZ,38.5,39.51,37.83,39.51,38.49,1.02,2.65,40856.34,158222.4439
20150723,002536.SZ,39.93,43.36,39.64,42.58,39.51,3.07,7.77,53338.4,220042.4907
20150724,002536.SZ,42.0,42.56,39.9,40.36,42.58,-2.22,-5.21,59641.92,247016.7642
20150727,002536.SZ,39.0,41.26,36.32,36.32,40.36,-4.04,-10.01,41252.99,161249.9843
20150728,002536.SZ,33.99,36.32,32.69,33.95,36.32,-2.37,-6.53,42271.6,142893.3586
20150729,002536.SZ,34.8,35.75,32.8,35.67,33.95,1.72,5.07,30004.5,102459.0558
20150730,002536.SZ,35.27,37.15,34.0,34.51,35.67,-1.16,-3.25,39679.31,141992.9101
20150731,002536.SZ,34.53,35.36,33.6,34.06,34.51,-0.45,-1.3,22074.34,76363.1072
20150803,002536.SZ,33.7,33.7,30.7,30.9,34.06,-3.16,-9.28,30058.2,96468.1083
20150804,002536.SZ,31.67,33.99,30.95,33.99,30.9,3.09,10.0,29903.12,97185.9171
20150805,002536.SZ,34.19,36.25,33.99,35.02,33.99,1.03,3.03,49171.29,172566.2398
20150806,002536.SZ,34.5,35.5,34.01,35.08,35.02,0.06,0.17,25877.36,90704.0049
20150807,002536.SZ,35.3,36.39,35.3,36.05,35.08,0.97,2.77,29669.68,106672.6607
20150810,002536.SZ,36.38,38.24,35.75,37.79,36.05,1.74,4.83,38911.4,143435.5161
20150811,002536.SZ,37.8,37.98,36.99,37.35,37.79,-0.44,-1.16,36837.79,138150.7415
20150812,002536.SZ,37.08,37.42,36.6,36.73,37.35,-0.62,-1.66,26088.6,96650.6825
20150813,002536.SZ,36.69,37.24,35.7,37.12,36.73,0.39,1.06,23278.29,85391.5374
20150814,002536.SZ,37.4,38.23,37.36,37.61,37.12,0.49,1.32,33042.11,125000.9177
20150817,002536.SZ,37.9,39.97,37.33,39.87,37.61,2.26,6.01,38529.73,149386.4643
20150818,002536.SZ,39.5,39.8,35.88,35.88,39.87,-3.99,-10.01,39636.71,149053.8762
20150819,002536.SZ,35.0,37.0,33.03,36.5,35.88,0.62,1.73,27610.15,96956.9012
20150820,002536.SZ,36.0,36.63,35.01,35.2,36.5,-1.3,-3.56,18961.31,67816.9351
20150821,002536.SZ,34.35,35.22,32.0,32.1,35.2,-3.1,-8.81,22803.84,76200.0463
20150824,002536.SZ,30.86,30.86,28.89,28.89,32.1,-3.21,-10.0,26868.0,79485.9286
20150825,002536.SZ,26.0,27.29,26.0,27.09,28.89,-1.8,-6.23,45286.53,118642.0808
20150826,002536.SZ,27.09,28.33,25.7,27.36,27.09,0.27,1.0,28318.38,77046.0442
20150827,002536.SZ,27.42,28.38,26.81,28.31,27.36,0.95,3.47,22679.63,62867.0252
20150828,002536.SZ,28.8,30.15,28.38,30.04,28.31,1.73,6.11,29467.3,85936.9925
20150831,002536.SZ,29.73,29.73,28.03,28.07,30.04,-1.97,-6.56,17354.13,50006.5069
20150901,002536.SZ,27.66,27.66,25.5,27.2,28.07,-0.87,-3.1,26451.07,70079.2604
20150902,002536.SZ,25.92,27.5,25.81,27.09,27.2,-0.11,-0.4,21387.11,56945.4833
20150907,002536.SZ,27.1,28.6,27.0,27.44,27.09,0.35,1.29,30151.33,83515.0734
20150908,002536.SZ,27.0,28.59,26.5,28.42,27.44,0.98,3.57,23695.26,65199.3371
20150909,002536.SZ,28.42,29.75,28.38,29.6,28.42,1.18,4.15,30809.95,90036.6143
20150910,002536.SZ,29.0,29.1,28.55,28.64,29.6,-0.96,-3.24,17267.22,49852.1464
20150911,002536.SZ,28.43,28.85,27.87,28.4,28.44,-0.04,-0.14,16004.94,45411.4364
20150914,002536.SZ,28.38,28.51,25.56,27.1,28.4,-1.3,-4.58,29676.27,79246.897
20150915,002536.SZ,26.09,26.5,25.64,25.82,27.1,-1.28,-4.72,14740.03,38386.5344
20150916,002536.SZ,25.9,28.31,25.62,27.9,25.82,2.08,8.06,19575.8,52635.0864
20150917,002536.SZ,27.68,28.29,26.67,26.97,27.9,-0.93,-3.33,38404.87,104459.6407
20150918,002536.SZ,26.98,27.48,26.51,26.9,26.97,-0.07,-0.26,13962.85,37494.6051
20150921,002536.SZ,26.63,28.0,26.4,27.85,26.9,0.95,3.53,19596.03,53553.1933
20150922,002536.SZ,28.06,28.32,27.57,27.95,27.85,0.1,0.36,22960.33,64297.157
20150923,002536.SZ,27.5,27.93,27.02,27.4,27.95,-0.55,-1.97,15920.51,43692.7463
20150924,002536.SZ,27.55,28.8,27.54,28.5,27.4,1.1,4.01,27561.71,77659.4288
20150925,002536.SZ,28.36,28.78,27.22,27.51,28.5,-0.99,-3.47,18476.8,51793.7111
20150928,002536.SZ,27.77,28.58,27.51,28.55,27.51,1.04,3.78,16649.31,47067.2846
20150929,002536.SZ,28.04,28.32,27.64,27.96,28.55,-0.59,-2.07,13299.58,37268.7794
20150930,002536.SZ,28.52,30.76,28.5,29.6,27.96,1.64,5.87,41980.79,125068.5375
20151008,002536.SZ,30.8,30.8,29.23,30.0,29.6,0.4,1.35,42254.54,127509.7524
20151009,002536.SZ,29.78,31.5,29.66,31.12,30.0,1.12,3.73,38488.63,118039.3583
20151012,002536.SZ,32.4,33.6,32.4,33.29,31.12,2.17,6.97,54797.47,180803.9587
20151013,002536.SZ,32.75,33.47,32.75,33.21,33.29,-0.08,-0.24,27539.49,91057.8452
20151014,002536.SZ,33.21,33.99,32.72,32.78,33.21,-0.43,-1.29,29307.56,97679.4885
20151015,002536.SZ,32.5,33.79,32.5,33.76,32.78,0.98,2.99,26003.11,86643.7297
20151016,002536.SZ,34.05,34.93,33.2,33.85,33.76,0.09,0.27,28373.36,96007.5767
20151019,002536.SZ,33.98,34.28,33.1,33.7,33.85,-0.15,-0.44,27098.72,91224.8181
20151020,002536.SZ,33.7,35.95,33.3,34.94,33.7,1.24,3.68,36675.22,125988.6925
20151021,002536.SZ,34.83,34.9,31.51,31.6,34.94,-3.34,-9.56,32826.06,109438.2396
20151022,002536.SZ,31.6,33.05,31.6,32.91,31.6,1.31,4.15,25567.81,82843.6173
20151023,002536.SZ,33.29,33.99,33.0,33.84,32.91,0.93,2.83,23568.88,79146.5039
20151026,002536.SZ,34.29,35.25,33.96,34.7,33.84,0.86,2.54,36627.5,126527.4949
20151027,002536.SZ,34.3,35.2,33.12,35.0,34.7,0.3,0.86,22523.43,76696.9609
20151028,002536.SZ,34.7,35.71,34.02,34.2,35.0,-0.8,-2.29,22929.62,80121.496
20151029,002536.SZ,34.7,36.27,34.05,35.67,34.2,1.47,4.3,33068.1,116695.068
20151030,002536.SZ,35.7,37.19,35.31,36.55,35.67,0.88,2.47,35282.9,128447.8222
20151102,002536.SZ,35.87,38.75,35.7,37.49,36.55,0.94,2.57,47131.44,178527.3012
20151103,002536.SZ,37.43,39.98,36.72,39.85,37.49,2.36,6.3,57445.45,221617.6615
20151104,002536.SZ,40.0,41.25,39.4,41.06,39.85,1.21,3.04,57556.86,231291.7664
20151105,002536.SZ,40.55,41.48,39.58,40.16,41.06,-0.9,-2.19,51925.63,210214.6599
20151106,002536.SZ,40.25,41.62,40.03,41.14,40.16,0.98,2.44,45020.36,184435.8004
20151109,002536.SZ,40.32,43.12,40.32,42.6,41.14,1.46,3.55,56579.0,237292.3295
20151110,002536.SZ,41.9,42.5,41.24,41.8,42.6,-0.8,-1.88,34410.65,144453.8114
20151111,002536.SZ,41.84,45.8,41.8,45.0,41.8,3.2,7.66,53288.57,232368.5437
20151112,002536.SZ,45.0,47.2,44.58,45.7,45.0,0.7,1.56,50867.64,233350.5419
20151113,002536.SZ,44.97,45.59,42.51,43.78,45.7,-1.92,-4.2,45044.62,198577.8837
20151116,002536.SZ,42.6,48.16,42.54,48.16,43.78,4.38,10.0,58594.68,273270.0572
20151117,002536.SZ,49.86,51.03,46.29,47.61,48.16,-0.55,-1.14,61545.24,303643.0247
20151118,002536.SZ,48.01,49.49,47.15,47.61,47.61,0.0,0.0,34894.86,168596.7809
20151119,002536.SZ,47.81,51.18,47.81,50.82,47.61,3.21,6.74,35151.81,173402.8643
20151120,002536.SZ,50.8,55.0,50.07,54.16,50.82,3.34,6.57,40400.94,214304.6712
20151123,002536.SZ,53.41,59.5,53.2,58.85,54.16,4.69,8.66,56984.7,329525.6029
20151124,002536.SZ,64.74,64.74,64.74,64.74,58.85,5.89,10.01,8203.69,53110.6891
20151125,002536.SZ,71.21,71.21,71.21,71.21,64.74,6.47,9.99,29737.15,211758.2452
20151126,002536.SZ,75.0,78.33,73.66,78.33,71.21,7.12,10.0,153862.37,1176775.8582
20151127,002536.SZ,78.99,86.16,76.01,80.0,78.33,1.67,2.13,212677.12,1740062.0042
20151130,002536.SZ,78.0,82.28,76.0,80.08,80.0,0.08,0.1,149334.38,1181874.189
20151201,002536.SZ,78.9,84.97,72.43,74.0,80.08,-6.08,-7.59,154547.8,1221469.036
20151202,002536.SZ,74.0,81.3,70.8,77.21,74.0,3.21,4.34,132416.14,1001535.7763
20151203,002536.SZ,75.6,78.85,74.34,78.4,77.21,1.19,1.54,99378.11,760424.3595
20151204,002536.SZ,77.6,81.56,76.0,77.7,78.4,-0.7,-0.89,96945.43,763373.647
20151207,002536.SZ,78.08,83.88,77.15,82.49,77.7,4.79,6.16,116374.01,932292.6279
20151208,002536.SZ,80.63,81.43,75.5,75.65,82.49,-6.84,-8.29,119606.08,921568.0263
20151209,002536.SZ,73.53,74.11,70.03,71.02,75.65,-4.63,-6.12,90561.24,649860.1759
20151210,002536.SZ,71.19,71.69,69.18,70.57,71.02,-0.45,-0.63,62286.28,439185.0054
20151211,002536.SZ,70.5,72.48,69.95,71.35,70.57,0.78,1.11,64091.57,456615.3283
20151214,002536.SZ,69.08,70.34,67.54,70.15,71.35,-1.2,-1.68,57607.58,396249.782
20151215,002536.SZ,70.16,71.48,69.99,70.57,70.15,0.42,0.6,39655.39,280073.0239
20151216,002536.SZ,71.5,75.72,71.05,73.96,70.57,3.39,4.8,90249.35,663815.2391
20151217,002536.SZ,74.3,80.0,73.23,77.51,73.96,3.55,4.8,112158.42,857013.1757
20151218,002536.SZ,76.0,76.02,72.52,72.8,77.51,-4.71,-6.08,81547.08,604478.9756
20151221,002536.SZ,71.5,73.39,70.5,71.7,72.8,-1.1,-1.51,44022.37,314682.7173
20151222,002536.SZ,72.07,72.28,70.52,72.09,71.7,0.39,0.54,28982.51,206802.4657
20151223,002536.SZ,72.2,74.58,70.99,71.23,72.09,-0.86,-1.19,43099.67,314973.4936
20151224,002536.SZ,70.55,71.18,69.0,70.74,71.23,-0.49,-0.69,32678.57,228002.5743
20151225,002536.SZ,70.78,71.6,69.54,69.83,70.74,-0.91,-1.29,26920.38,190010.2098
20151228,002536.SZ,70.0,70.29,68.51,68.55,69.83,-1.28,-1.83,30371.84,210955.9523
20151229,002536.SZ,69.0,69.0,66.19,67.21,68.55,-1.34,-1.95,32053.67,215404.8906
20151230,002536.SZ,67.3,68.9,67.3,68.5,67.21,1.29,1.92,26299.56,179260.896
20151231,002536.SZ,68.9,69.02,66.5,66.5,68.5,-2.0,-2.92,19961.78,134274.3009
20160104,002536.SZ,66.6,68.49,60.0,60.9,66.5,-5.6,-8.42,27063.11,179472.0488
20160105,002536.SZ,56.0,64.0,56.0,62.7,60.9,1.8,2.96,53171.61,324758.5516
20160106,002536.SZ,62.5,66.88,61.51,66.19,62.7,3.49,5.57,49980.03,320624.3057
20160107,002536.SZ,64.23,64.75,59.57,59.57,66.19,-6.62,-10.0,11150.0,69104.7405
20160108,002536.SZ,61.6,62.47,55.0,61.2,59.57,1.63,2.74,40580.0,247086.0935
20160111,002536.SZ,59.0,63.0,55.3,55.36,61.2,-5.84,-9.54,39091.28,231415.1213
20160112,002536.SZ,55.5,56.99,54.35,55.0,55.36,-0.36,-0.65,28517.56,158661.966
20160113,002536.SZ,55.37,56.77,52.2,52.2,55.0,-2.8,-5.09,31436.57,171986.7478
20160114,002536.SZ,50.1,53.89,49.08,53.58,52.2,1.38,2.64,34811.28,180836.1922
20160115,002536.SZ,52.79,53.49,48.22,48.4,53.58,-5.18,-9.67,38781.79,196185.2949
20160118,002536.SZ,47.2,52.9,47.2,51.82,48.4,3.42,7.07,41543.07,211545.8027
20160119,002536.SZ,51.05,54.22,51.05,53.75,51.82,1.93,3.72,39325.2,206964.4963
20160120,002536.SZ,52.85,58.74,52.81,56.3,53.75,2.55,4.74,65421.6,368418.2748
20160121,002536.SZ,54.6,58.88,54.55,55.18,56.3,-1.12,-1.99,59846.43,341707.6537
20160122,002536.SZ,56.0,57.6,52.88,56.15,55.18,0.97,1.76,48240.81,270263.2861
20160125,002536.SZ,56.3,56.99,54.0,55.31,56.15,-0.84,-1.5,40801.2,227229.6781
20160126,002536.SZ,54.0,54.0,49.78,49.78,55.31,-5.53,-10.0,40448.59,207283.158
20160127,002536.SZ,49.12,49.5,45.0,47.84,49.78,-1.94,-3.9,33653.74,159169.6598
20160128,002536.SZ,47.2,47.48,43.15,43.17,47.84,-4.67,-9.76,23621.78,107960.6168
20160129,002536.SZ,42.5,46.12,42.5,45.53,43.17,2.36,5.47,28271.7,126681.1132
20160201,002536.SZ,45.55,45.87,42.0,43.44,45.53,-2.09,-4.59,21260.41,94651.3975
20160202,002536.SZ,43.31,46.18,43.31,45.84,43.44,2.4,5.52,26005.62,118209.1661
20160203,002536.SZ,45.0,46.98,44.71,46.98,45.84,1.14,2.49,28780.39,131750.1687
20160204,002536.SZ,46.98,48.99,46.66,48.22,46.98,1.24,2.64,27389.49,131720.9527
20160205,002536.SZ,48.7,49.19,46.83,47.2,48.22,-1.02,-2.12,22587.77,108525.685
20160215,002536.SZ,45.0,48.55,45.0,47.92,47.2,0.72,1.53,18349.83,86407.3772
20160216,002536.SZ,48.85,51.47,48.4,51.09,47.92,3.17,6.62,28950.36,144644.3874
20160217,002536.SZ,51.09,56.2,50.83,56.2,51.09,5.11,10.0,47411.54,251641.0173
20160218,002536.SZ,56.6,58.9,55.0,56.06,56.2,-0.14,-0.25,54774.75,310004.4931
20160219,002536.SZ,55.8,57.85,55.02,56.6,56.06,0.54,0.96,35596.23,200568.1649
20160222,002536.SZ,58.3,59.95,57.46,58.33,56.6,1.73,3.06,37359.86,218990.3123
20160223,002536.SZ,58.5,59.96,58.01,59.51,58.33,1.18,2.02,43457.15,256477.3694
20160224,002536.SZ,58.89,59.29,54.8,56.85,59.51,-2.66,-4.47,47247.2,267594.6184
20160225,002536.SZ,56.1,56.53,51.17,51.17,56.85,-5.68,-9.99,42259.42,223096.0019
20160226,002536.SZ,52.56,52.83,49.1,50.36,51.17,-0.81,-1.58,45250.88,233435.5947
20160229,002536.SZ,48.0,48.28,45.32,45.32,50.36,-5.04,-10.01,23260.51,106981.3028
20160301,002536.SZ,45.3,46.32,41.0,45.15,45.32,-0.17,-0.38,34417.93,152138.9387
20160302,002536.SZ,44.6,48.5,44.06,48.11,45.15,2.96,6.56,34071.67,159659.0343
20160303,002536.SZ,48.11,49.0,47.11,47.19,48.11,-0.92,-1.91,34070.67,163934.7821
20160304,002536.SZ,47.0,47.0,42.61,43.01,47.19,-4.18,-8.86,33765.36,150636.7848
20160307,002536.SZ,43.18,45.48,43.18,44.19,43.01,1.18,2.74,19997.15,88953.7684
20160308,002536.SZ,44.15,44.92,41.41,44.7,44.19,0.51,1.15,22885.35,99032.2081
20160309,002536.SZ,43.75,44.55,43.0,43.85,44.7,-0.85,-1.9,17739.27,77656.6553
20160310,002536.SZ,43.85,45.85,43.5,44.82,43.85,0.97,2.21,33168.58,149255.0574
20160311,002536.SZ,44.2,47.98,43.08,47.65,44.82,2.83,6.31,41207.49,189810.5207
20160314,002536.SZ,48.0,51.6,47.61,50.11,47.65,2.46,5.16,42708.32,212458.1508
20160315,002536.SZ,49.5,50.38,48.23,48.25,50.11,-1.86,-3.71,29549.01,145220.2292
20160316,002536.SZ,49.1,49.5,46.5,46.99,48.25,-1.26,-2.61,25752.99,122940.9269
20160317,002536.SZ,47.23,50.38,47.08,50.0,46.99,3.01,6.41,37125.25,182368.2497
20160318,002536.SZ,50.96,54.99,50.45,54.5,50.0,4.5,9.0,55992.61,295446.5308
20160321,002536.SZ,55.9,59.55,54.03,59.15,54.5,4.65,8.53,68450.15,389441.4354
20160322,002536.SZ,57.7,64.88,57.33,63.05,59.15,3.9,6.59,79926.81,484695.7826
20160323,002536.SZ,64.48,67.66,61.38,67.12,63.05,4.07,6.46,130518.4,839233.2906
20160324,002536.SZ,65.0,69.65,64.52,65.3,67.12,-1.82,-2.71,152822.57,1024727.7413
20160325,002536.SZ,64.08,65.19,59.14,61.24,65.3,-4.06,-6.22,118492.55,729141.3087
20160328,002536.SZ,61.7,67.0,60.3,66.3,61.24,5.06,8.26,142606.15,921176.7584
20160329,002536.SZ,22.28,22.4,20.0,21.4,22.03,-0.63,-2.86,384300.51,815036.7705
20160330,002536.SZ,22.12,23.43,21.71,22.94,21.4,1.54,7.2,486137.48,1100369.348
20160331,002536.SZ,22.7,22.88,21.62,22.02,22.94,-0.92,-4.01,437258.09,969745.8932
20160401,002536.SZ,21.76,21.76,20.02,20.4,22.02,-1.62,-7.36,313024.18,648420.4117
20160405,002536.SZ,20.4,21.37,19.78,20.73,20.4,0.33,1.62,247628.07,512248.9863
20160406,002536.SZ,20.6,21.66,20.2,21.28,20.73,0.55,2.65,292144.23,616538.4885
20160407,002536.SZ,21.1,21.33,20.18,20.19,21.28,-1.09,-5.12,254710.55,521795.3865
20160408,002536.SZ,19.9,19.9,19.0,19.38,20.19,-0.81,-4.01,185127.84,360186.2506
20160411,002536.SZ,19.91,19.91,19.5,19.59,19.38,0.21,1.08,129919.4,255964.9681
20160412,002536.SZ,19.81,19.95,19.25,19.6,19.59,0.01,0.05,118128.02,231233.8837
20160413,002536.SZ,19.78,19.9,19.57,19.6,19.6,0.0,0.0,142698.26,281723.532
20160414,002536.SZ,19.6,19.69,19.22,19.68,19.6,0.08,0.41,129685.66,252008.625
20160415,002536.SZ,19.68,19.77,19.37,19.41,19.68,-0.27,-1.37,94707.85,184532.651
20160418,002536.SZ,19.31,19.71,19.06,19.55,19.41,0.14,0.72,112423.64,218450.4787
20160419,002536.SZ,19.55,19.68,19.21,19.33,19.55,-0.22,-1.13,75278.5,145858.3914
20160420,002536.SZ,19.33,19.64,17.51,17.72,19.33,-1.61,-8.33,146434.64,271349.3323
20160421,002536.SZ,17.5,17.55,16.74,16.75,17.72,-0.97,-5.47,114593.96,196975.2952
20160422,002536.SZ,16.54,17.2,16.2,17.03,16.75,0.28,1.67,88701.8,149325.0011
20160425,002536.SZ,17.02,17.03,16.07,16.34,17.03,-0.69,-4.05,85611.15,140649.0214
20160426,002536.SZ,16.48,16.6,16.21,16.59,16.34,0.25,1.53,70108.69,115366.3723
20160427,002536.SZ,16.69,16.91,16.45,16.91,16.59,0.32,1.93,85035.61,141646.113
20160428,002536.SZ,17.0,17.11,16.21,16.58,16.91,-0.33,-1.95,83290.68,138592.8702
20160429,002536.SZ,16.45,16.78,16.4,16.53,16.58,-0.05,-0.3,63846.02,106118.2337
20160503,002536.SZ,16.63,17.14,16.29,17.01,16.53,0.48,2.9,81838.38,137339.5534
20160504,002536.SZ,16.95,17.18,16.8,16.92,17.01,-0.09,-0.53,84749.95,144086.6079
20160505,002536.SZ,16.9,18.61,16.8,18.61,16.92,1.69,9.99,219295.12,392937.5202
20160506,002536.SZ,18.98,19.09,17.0,17.13,18.61,-1.48,-7.95,234824.76,423890.5981
20160509,002536.SZ,16.81,16.83,15.51,15.68,17.13,-1.45,-8.46,140505.43,224905.6309
20160510,002536.SZ,15.65,16.01,15.51,15.6,15.68,-0.08,-0.51,70319.91,110726.053
20160511,002536.SZ,15.81,15.92,14.95,15.08,15.6,-0.52,-3.33,77377.1,118686.1405
20160512,002536.SZ,14.96,15.57,14.03,15.35,15.08,0.27,1.79,93227.01,137476.9806
20160513,002536.SZ,15.18,15.51,14.71,14.88,15.35,-0.47,-3.06,68946.6,104367.4194
20160516,002536.SZ,14.76,15.1,14.5,15.03,14.88,0.15,1.01,56737.31,84374.7938
20160517,002536.SZ,15.14,15.18,14.8,14.92,15.03,-0.11,-0.73,61737.79,92488.5967
20160518,002536.SZ,14.8,14.8,13.91,14.04,14.92,-0.88,-5.9,78750.22,112430.9854
20160519,002536.SZ,14.03,14.5,14.01,14.12,14.04,0.08,0.57,64405.14,92131.6075
20160520,002536.SZ,14.07,14.81,13.91,14.8,14.12,0.68,4.82,112780.88,164567.5397
20160523,002536.SZ,15.2,15.68,14.91,15.03,14.8,0.23,1.55,114140.68,173526.4429
20160524,002536.SZ,15.0,15.0,14.48,14.59,15.03,-0.44,-2.93,71917.15,105175.5772
20160525,002536.SZ,14.75,14.85,14.37,14.48,14.59,-0.11,-0.75,53203.67,77759.73
20160526,002536.SZ,14.47,14.62,14.01,14.57,14.48,0.09,0.62,57792.94,82871.5682
20160527,002536.SZ,14.47,14.55,14.36,14.41,14.57,-0.16,-1.1,42314.49,61170.259
20160530,002536.SZ,14.2,14.34,14.02,14.12,14.41,-0.29,-2.01,45340.32,64260.5822
20160531,002536.SZ,14.16,14.88,14.16,14.85,14.12,0.73,5.17,96006.85,140402.6571
20160601,002536.SZ,14.98,15.46,14.75,15.13,14.85,0.28,1.89,131255.98,197702.4751
20160602,002536.SZ,15.19,15.4,14.88,15.35,15.13,0.22,1.45,126414.98,191438.2016
20160603,002536.SZ,15.31,15.33,14.85,15.0,15.35,-0.35,-2.28,179892.09,270290.5841
20160606,002536.SZ,15.02,15.04,14.51,14.7,15.0,-0.3,-2.0,159064.28,234912.2085
20160607,002536.SZ,14.72,14.87,14.45,14.82,14.7,0.12,0.82,111157.31,163204.1671
20160608,002536.SZ,14.66,15.18,14.51,14.98,14.82,0.16,1.08,144882.37,215269.4241
20160613,002536.SZ,14.69,14.86,14.0,14.0,14.98,-0.98,-6.54,123948.31,179561.9581
20160614,002536.SZ,13.89,14.1,13.77,13.92,14.0,-0.08,-0.57,71133.08,99070.7516
20160615,002536.SZ,13.8,14.63,13.72,14.43,13.92,0.51,3.66,100012.46,143150.1746
20160616,002536.SZ,14.35,14.57,14.14,14.21,14.43,-0.22,-1.52,86071.76,123330.1706
20160617,002536.SZ,14.24,14.64,14.24,14.39,14.21,0.18,1.27,82516.06,119272.2437
20160620,002536.SZ,14.47,14.52,14.16,14.4,14.39,0.01,0.07,64634.29,92517.8035
20160621,002536.SZ,14.54,15.79,14.51,14.88,14.4,0.48,3.33,252686.07,381208.2548
20160622,002536.SZ,14.97,15.07,14.55,14.92,14.88,0.04,0.27,190389.29,281704.2323
20160623,002536.SZ,14.76,14.97,14.64,14.69,14.92,-0.23,-1.54,169723.1,250223.6502
20160624,002536.SZ,14.7,14.78,13.64,14.25,14.69,-0.44,-3.0,195626.03,279832.1752
20160627,002536.SZ,14.1,14.56,14.1,14.55,14.25,0.3,2.11,117501.14,168622.1502
20160628,002536.SZ,14.48,15.14,14.41,14.99,14.55,0.44,3.02,213884.8,317815.1175
20160629,002536.SZ,15.09,15.29,14.85,14.88,14.99,-0.11,-0.73,166243.35,249549.3416
20160630,002536.SZ,14.99,15.1,14.74,15.09,14.88,0.21,1.41,136017.5,203118.4239
20160701,002536.SZ,15.05,15.25,14.9,14.94,15.09,-0.15,-0.99,125211.79,188419.4007
20160704,002536.SZ,14.8,15.47,14.73,15.4,14.94,0.46,3.08,205401.35,312548.321
20160705,002536.SZ,15.43,15.66,15.22,15.35,15.4,-0.05,-0.32,177973.39,274077.2284
20160706,002536.SZ,15.27,15.41,15.14,15.27,15.35,-0.08,-0.52,124415.48,189345.0841
20160707,002536.SZ,15.31,15.37,15.0,15.17,15.27,-0.1,-0.65,131236.79,199024.5275
20160708,002536.SZ,15.15,15.24,15.02,15.15,15.17,-0.02,-0.13,97037.21,147013.2039
20160711,002536.SZ,15.12,15.22,15.01,15.01,15.15,-0.14,-0.92,100556.36,152062.9388
20160712,002536.SZ,15.0,15.1,14.72,15.08,15.01,0.07,0.47,123112.95,183931.202
20160713,002536.SZ,15.1,15.43,15.1,15.38,15.08,0.3,1.99,163200.78,249256.8194
20160714,002536.SZ,15.47,16.8,15.41,16.01,15.38,0.63,4.1,326927.36,527092.3605
20160715,002536.SZ,16.02,16.06,15.67,15.8,16.01,-0.21,-1.31,165922.58,262550.3118
20160718,002536.SZ,15.71,16.45,15.65,16.06,15.8,0.26,1.65,182861.85,295002.1563
20160719,002536.SZ,16.05,16.11,15.72,16.05,16.06,-0.01,-0.06,118421.26,188372.8405
20160720,002536.SZ,16.1,16.36,15.9,15.9,16.05,-0.15,-0.93,108423.94,174111.1152
20160721,002536.SZ,15.89,16.08,15.67,15.8,15.9,-0.1,-0.63,116127.18,184110.8949
20160722,002536.SZ,15.78,15.88,15.59,15.6,15.8,-0.2,-1.27,96511.52,151503.8173
20160725,002536.SZ,15.52,15.79,15.52,15.68,15.6,0.08,0.51,77335.94,121200.0904
20160726,002536.SZ,15.73,15.84,15.63,15.84,15.68,0.16,1.02,67723.93,106817.2923
20160727,002536.SZ,15.93,15.93,14.51,14.76,15.84,-1.08,-6.82,161348.82,245173.894
20160728,002536.SZ,14.73,14.9,14.25,14.57,14.76,-0.19,-1.29,102566.14,149232.7191
20160729,002536.SZ,14.62,14.72,14.25,14.32,14.57,-0.25,-1.72,65528.37,94421.9306
20160801,002536.SZ,14.32,14.37,13.81,14.0,14.32,-0.32,-2.23,63441.34,88592.4745
20160802,002536.SZ,14.0,14.25,14.0,14.19,14.0,0.19,1.36,44057.87,62164.3513
20160803,002536.SZ,14.2,14.25,14.07,14.15,14.19,-0.04,-0.28,43877.55,62085.5805
20160804,002536.SZ,14.2,14.33,14.16,14.26,14.15,0.11,0.78,49109.51,69916.8505
20160805,002536.SZ,14.26,14.27,14.07,14.11,14.26,-0.15,-1.05,43609.92,61701.9414
20160808,002536.SZ,14.14,14.17,13.94,14.15,14.11,0.04,0.28,50226.1,70641.5236
20160809,002536.SZ,14.18,14.37,14.11,14.33,14.15,0.18,1.27,52786.61,75278.9036
20160810,002536.SZ,14.39,14.48,14.22,14.23,14.33,-0.1,-0.7,55408.03,79295.6449
20160811,002536.SZ,14.23,14.23,14.0,14.01,14.23,-0.22,-1.55,53380.45,75283.0703
20160812,002536.SZ,14.01,14.21,14.01,14.2,14.01,0.19,1.36,40298.09,56844.7041
20160815,002536.SZ,14.25,14.56,14.12,14.48,14.2,0.28,1.97,89392.25,128565.5678
20160816,002536.SZ,14.46,14.54,14.41,14.5,14.48,0.02,0.14,64990.87,94165.9033
20160817,002536.SZ,14.5,14.87,14.42,14.7,14.5,0.2,1.38,100439.71,147657.4661
20160818,002536.SZ,14.79,14.79,14.54,14.56,14.7,-0.14,-0.95,61939.49,90514.7284
20160819,002536.SZ,14.56,14.77,14.51,14.61,14.56,0.05,0.34,47665.71,69735.5367
20160822,002536.SZ,14.65,14.7,14.4,14.41,14.61,-0.2,-1.37,53705.99,78091.3943
20160823,002536.SZ,14.4,14.66,14.36,14.5,14.41,0.09,0.62,72260.73,105151.0486
20160824,002536.SZ,14.55,14.75,14.44,14.67,14.5,0.17,1.17,81460.11,118889.7367
20160825,002536.SZ,14.52,14.52,14.22,14.36,14.67,-0.31,-2.11,65719.54,94445.8325
20160826,002536.SZ,14.33,14.47,14.3,14.31,14.36,-0.05,-0.35,44424.47,63917.2493
20160829,002536.SZ,14.31,14.39,14.23,14.38,14.31,0.07,0.49,35114.82,50346.5448
20160830,002536.SZ,14.46,14.72,14.35,14.55,14.38,0.17,1.18,88703.1,129112.8848
20160831,002536.SZ,14.59,14.59,14.32,14.4,14.55,-0.15,-1.03,60615.63,87283.7611
20160901,002536.SZ,14.38,14.43,14.25,14.26,14.4,-0.14,-0.97,46642.22,66812.0821
20160902,002536.SZ,14.22,14.33,14.07,14.15,14.26,-0.11,-0.77,37964.35,53883.2769
20160905,002536.SZ,14.2,14.28,14.15,14.18,14.15,0.03,0.21,34738.13,49380.9179
20160906,002536.SZ,14.17,14.37,14.05,14.34,14.18,0.16,1.13,46869.07,66751.0896
20160907,002536.SZ,14.35,14.43,14.26,14.29,14.34,-0.05,-0.35,51440.85,73876.2969
20160908,002536.SZ,14.29,14.36,14.24,14.33,14.29,0.04,0.28,46822.81,66993.6672
20160909,002536.SZ,14.3,14.39,14.22,14.22,14.33,-0.11,-0.77,37635.53,53872.5837
20160912,002536.SZ,14.01,14.02,13.73,13.76,14.22,-0.46,-3.23,64947.79,90057.2914
20160913,002536.SZ,13.85,13.88,13.73,13.77,13.76,0.01,0.07,29554.39,40728.5228
20160914,002536.SZ,13.75,13.82,13.64,13.76,13.77,-0.01,-0.07,26797.01,36818.0669
20160919,002536.SZ,13.78,14.05,13.78,13.97,13.76,0.21,1.53,38127.48,53081.6297
20160920,002536.SZ,14.01,14.03,13.81,13.87,13.97,-0.1,-0.72,27834.43,38604.1245
20160921,002536.SZ,13.81,14.0,13.81,13.89,13.87,0.02,0.14,24908.21,34676.1015
20160922,002536.SZ,14.01,14.03,13.89,13.9,13.89,0.01,0.07,32575.93,45486.5877
20160923,002536.SZ,13.91,13.95,13.82,13.82,13.9,-0.08,-0.58,27599.64,38242.0163
20160926,002536.SZ,13.76,13.88,13.68,13.7,13.82,-0.12,-0.87,33042.0,45532.652
20160927,002536.SZ,13.68,13.82,13.66,13.82,13.7,0.12,0.88,30924.86,42472.242
20160928,002536.SZ,13.82,14.98,13.79,14.22,13.82,0.4,2.89,120546.87,173668.6896
20160929,002536.SZ,14.25,14.45,14.18,14.26,14.22,0.04,0.28,62600.81,89513.5931
20160930,002536.SZ,14.21,14.39,14.13,14.38,14.26,0.12,0.84,48362.11,68865.3784
20161010,002536.SZ,14.43,14.59,14.32,14.55,14.38,0.17,1.18,67651.0,97774.9104
20161011,002536.SZ,14.54,14.55,14.34,14.44,14.55,-0.11,-0.76,56967.38,82294.222
20161012,002536.SZ,14.39,14.39,14.24,14.36,14.44,-0.08,-0.55,41326.98,59151.3514
20161013,002536.SZ,14.39,14.39,14.28,14.33,14.36,-0.03,-0.21,41328.21,59222.6118
20161014,002536.SZ,14.32,14.35,14.16,14.27,14.33,-0.06,-0.42,47639.26,67803.9546
20161017,002536.SZ,14.33,14.33,14.12,14.18,14.27,-0.09,-0.63,41119.37,58486.7939
20161018,002536.SZ,14.16,14.37,14.14,14.35,14.18,0.17,1.2,46257.78,66041.4748
20161019,002536.SZ,14.35,14.41,14.2,14.23,14.35,-0.12,-0.84,42500.54,60685.376
20161020,002536.SZ,14.23,14.78,14.23,14.65,14.23,0.42,2.95,148326.73,216061.6883
20161021,002536.SZ,14.69,15.6,14.31,15.13,14.65,0.48,3.28,246494.49,368633.4809
20161024,002536.SZ,15.01,15.2,14.9,15.11,15.13,-0.02,-0.13,150478.57,226208.1854
20161025,002536.SZ,15.38,15.5,15.03,15.08,15.11,-0.03,-0.2,114363.23,174105.0623
20161026,002536.SZ,15.08,16.08,15.0,15.74,15.08,0.66,4.38,268899.33,418829.4225
20161027,002536.SZ,15.75,15.89,15.46,15.69,15.74,-0.05,-0.32,148541.68,232617.3993
20161028,002536.SZ,15.56,15.68,15.13,15.19,15.69,-0.5,-3.19,122769.6,188658.3671
20161031,002536.SZ,15.11,15.37,15.1,15.2,15.19,0.01,0.07,69539.47,105971.661
20161101,002536.SZ,15.21,15.75,15.21,15.7,15.2,0.5,3.29,155785.92,243477.18
20161102,002536.SZ,15.6,15.62,15.28,15.42,15.7,-0.28,-1.78,106539.91,164245.104
20161103,002536.SZ,15.3,15.53,15.16,15.19,15.42,-0.23,-1.49,103492.91,158165.28
20161104,002536.SZ,15.22,15.31,15.16,15.23,15.19,0.04,0.26,60299.21,91735.867
20161107,002536.SZ,15.29,15.29,15.03,15.06,15.23,-0.17,-1.12,60721.59,91932.16
20161108,002536.SZ,15.15,15.17,15.02,15.14,15.06,0.08,0.53,50962.91,76925.38
20161109,002536.SZ,15.15,15.22,14.71,14.87,15.14,-0.27,-1.78,87723.18,131218.34
20161110,002536.SZ,14.97,15.17,14.91,15.13,14.87,0.26,1.75,68343.8,102912.587
20161111,002536.SZ,15.13,15.22,14.99,15.2,15.13,0.07,0.46,66237.8,100146.894
20161114,002536.SZ,15.2,15.49,15.12,15.36,15.2,0.16,1.05,92967.11,143044.154
20161115,002536.SZ,15.37,15.5,15.16,15.3,15.36,-0.06,-0.39,75035.24,114468.447
20161116,002536.SZ,15.34,15.45,15.23,15.36,15.3,0.06,0.39,84243.27,129601.02
20161117,002536.SZ,15.36,15.36,15.13,15.24,15.36,-0.12,-0.78,65713.2,99910.168
20161118,002536.SZ,15.22,15.33,15.13,15.15,15.24,-0.09,-0.59,45174.0,68623.697
20161121,002536.SZ,15.13,15.25,15.03,15.14,15.15,-0.01,-0.07,40860.15,61832.074
20161122,002536.SZ,15.16,15.25,15.14,15.22,15.14,0.08,0.53,47882.53,72734.835
20161123,002536.SZ,15.25,15.29,14.92,14.94,15.22,-0.28,-1.84,67448.52,101776.592
20161124,002536.SZ,14.91,15.04,14.81,14.87,14.94,-0.07,-0.47,44692.05,66754.047
20161125,002536.SZ,14.85,15.02,14.72,14.98,14.87,0.11,0.74,50003.19,74299.425
20161128,002536.SZ,15.0,15.07,14.93,15.0,14.98,0.02,0.13,35903.45,53834.557
20161129,002536.SZ,15.05,15.05,14.86,14.89,15.0,-0.11,-0.73,34821.9,52052.104
20161130,002536.SZ,14.88,15.0,14.77,14.83,14.89,-0.06,-0.4,30947.41,46012.522
20161201,002536.SZ,14.86,15.09,14.84,14.95,14.83,0.12,0.81,50361.22,75411.749
20161202,002536.SZ,14.96,15.06,14.68,14.68,14.95,-0.27,-1.81,47785.9,70874.058
20161205,002536.SZ,14.58,14.84,14.4,14.75,14.68,0.07,0.48,36293.02,53520.481
20161206,002536.SZ,14.84,14.92,14.72,14.85,14.75,0.1,0.68,31254.9,46388.34
20161207,002536.SZ,14.77,14.94,14.77,14.93,14.85,0.08,0.54,28896.86,42967.348
20161208,002536.SZ,15.03,15.03,14.81,14.84,14.93,-0.09,-0.6,28099.03,41755.942
20161209,002536.SZ,14.82,14.95,14.71,14.8,14.84,-0.04,-0.27,31089.06,46058.215
20161212,002536.SZ,14.74,14.81,13.71,13.8,14.8,-1.0,-6.76,66638.91,94539.847
20161213,002536.SZ,13.79,13.96,13.71,13.89,13.8,0.09,0.65,25088.45,34823.981
20161214,002536.SZ,13.89,13.95,13.72,13.8,13.89,-0.09,-0.65,24818.31,34292.771
20161215,002536.SZ,13.78,14.05,13.72,13.89,13.8,0.09,0.65,25395.57,35336.804
20161216,002536.SZ,13.9,14.04,13.85,14.03,13.89,0.14,1.01,27336.1,38244.554
20161219,002536.SZ,14.05,14.1,13.97,13.99,14.03,-0.04,-0.29,14764.04,20694.719
20161220,002536.SZ,13.97,14.16,13.96,14.11,13.99,0.12,0.86,24644.3,34716.216
20161221,002536.SZ,14.11,14.52,14.11,14.4,14.11,0.29,2.06,47509.4,68397.504
20161222,002536.SZ,14.31,14.46,14.23,14.44,14.4,0.04,0.28,23289.38,33423.004
20161223,002536.SZ,14.32,14.45,14.18,14.23,14.44,-0.21,-1.45,17801.81,25459.669
20161226,002536.SZ,14.23,14.23,13.88,14.09,14.23,-0.14,-0.98,24569.77,34399.69
20161227,002536.SZ,14.1,14.3,14.1,14.2,14.09,0.11,0.78,22457.76,31902.436
20161228,002536.SZ,14.2,14.3,14.15,14.16,14.2,-0.04,-0.28,12562.2,17845.782
20161229,002536.SZ,14.2,14.32,14.1,14.13,14.16,-0.03,-0.21,17855.9,25422.523
20161230,002536.SZ,14.14,14.27,13.96,14.12,14.13,-0.01,-0.07,21806.05,30658.704
20170103,002536.SZ,14.14,14.28,14.03,14.24,14.12,0.12,0.85,14390.0,20454.608
20170104,002536.SZ,14.29,14.34,14.17,14.34,14.24,0.1,0.7,23325.39,33336.004
20170105,002536.SZ,14.34,14.4,14.29,14.29,14.34,-0.05,-0.35,22209.01,31855.987
20170106,002536.SZ,14.29,14.39,14.16,14.19,14.29,-0.1,-0.7,20622.97,29341.055
20170109,002536.SZ,14.18,14.34,14.11,14.26,14.19,0.07,0.49,22338.8,31862.5
20170110,002536.SZ,14.27,14.3,14.12,14.13,14.26,-0.13,-0.91,20635.11,29389.128
20170111,002536.SZ,14.11,14.26,14.08,14.12,14.13,-0.01,-0.07,17021.83,24093.209
20170112,002536.SZ,14.1,14.19,13.82,13.82,14.12,-0.3,-2.12,21896.69,30677.661
20170113,002536.SZ,13.85,14.0,13.8,13.83,13.82,0.01,0.07,24340.67,33818.443
20170116,002536.SZ,13.74,13.94,12.52,13.0,13.83,-0.83,-6.0,41226.36,55479.383
20170117,002536.SZ,13.01,13.29,13.0,13.27,13.0,0.27,2.08,30999.06,40865.202
20170118,002536.SZ,13.25,13.25,13.0,13.04,13.27,-0.23,-1.73,19255.2,25234.415
20170119,002536.SZ,12.98,13.1,12.79,12.83,13.04,-0.21,-1.61,17852.98,22999.083
20170120,002536.SZ,12.88,13.27,12.79,13.15,12.83,0.32,2.49,26558.22,34710.121
20170123,002536.SZ,13.16,13.37,13.16,13.27,13.15,0.12,0.91,25202.13,33456.538
20170124,002536.SZ,13.28,13.45,13.24,13.28,13.27,0.01,0.08,24234.85,32344.188
20170125,002536.SZ,13.28,13.4,13.23,13.35,13.28,0.07,0.53,13945.69,18600.3
20170126,002536.SZ,13.35,13.5,13.35,13.48,13.35,0.13,0.97,10435.97,14042.257
20170203,002536.SZ,13.54,13.54,13.33,13.47,13.48,-0.01,-0.07,15737.52,21130.714
20170206,002536.SZ,13.47,13.59,13.38,13.57,13.47,0.1,0.74,26228.12,35325.883
20170207,002536.SZ,13.52,13.65,13.48,13.56,13.57,-0.01,-0.07,16523.39,22427.347
20170208,002536.SZ,13.5,13.6,13.36,13.58,13.56,0.02,0.15,21005.77,28341.216
20170209,002536.SZ,13.55,13.68,13.45,13.63,13.58,0.05,0.37,18902.92,25754.616
20170210,002536.SZ,13.68,13.71,13.45,13.49,13.63,-0.14,-1.03,27196.05,36825.198
20170213,002536.SZ,13.48,13.78,13.48,13.74,13.49,0.25,1.85,30319.58,41489.848
20170214,002536.SZ,13.74,13.85,13.55,13.55,13.74,-0.19,-1.38,26834.36,36748.54
20170215,002536.SZ,13.55,13.66,13.43,13.45,13.55,-0.1,-0.74,21714.51,29433.949
20170216,002536.SZ,13.48,13.52,13.31,13.4,13.45,-0.05,-0.37,23438.14,31416.666
20170217,002536.SZ,13.37,13.6,13.32,13.51,13.4,0.11,0.82,28976.84,38964.861
20170220,002536.SZ,13.5,13.55,13.38,13.49,13.51,-0.02,-0.15,25049.17,33638.785
20170221,002536.SZ,13.49,13.65,13.46,13.61,13.49,0.12,0.89,33103.49,44824.323
20170222,002536.SZ,13.62,13.74,13.56,13.66,13.61,0.05,0.37,27614.3,37670.446
20170223,002536.SZ,13.7,13.73,13.52,13.61,13.66,-0.05,-0.37,22701.73,30910.311
20170224,002536.SZ,13.75,13.99,13.7,13.94,13.61,0.33,2.42,53134.75,73679.42
20170227,002536.SZ,13.99,14.0,13.64,13.66,13.94,-0.28,-2.01,37204.13,51266.189
20170228,002536.SZ,13.6,13.83,13.6,13.71,13.66,0.05,0.37,19987.71,27419.032
20170301,002536.SZ,13.67,13.95,13.65,13.84,13.71,0.13,0.95,37199.64,51404.217
20170302,002536.SZ,13.79,13.88,13.64,13.66,13.84,-0.18,-1.3,28302.07,38875.812
20170303,002536.SZ,13.64,13.68,13.5,13.55,13.66,-0.11,-0.81,24011.5,32645.096
20170306,002536.SZ,13.55,13.86,13.55,13.83,13.55,0.28,2.07,34416.06,47477.136
20170307,002536.SZ,13.78,14.1,13.78,14.04,13.83,0.21,1.52,43629.26,60964.432
20170308,002536.SZ,13.98,14.05,13.85,13.92,14.04,-0.12,-0.85,23518.27,32775.649
20170309,002536.SZ,13.9,14.05,13.85,13.94,13.92,0.02,0.14,32023.85,44755.356
20170310,002536.SZ,13.93,13.98,13.81,13.86,13.94,-0.08,-0.57,17839.67,24778.096
20170313,002536.SZ,13.93,14.04,13.76,13.98,13.86,0.12,0.87,22438.32,31259.881
20170314,002536.SZ,13.98,14.08,13.94,14.0,13.98,0.02,0.14,17393.64,24324.357
20170315,002536.SZ,13.96,13.98,13.8,13.83,14.0,-0.17,-1.21,18057.18,25028.055
20170316,002536.SZ,13.85,14.06,13.85,14.02,13.83,0.19,1.37,35001.01,48974.548
20170317,002536.SZ,14.04,14.05,13.77,13.85,14.02,-0.17,-1.21,28813.31,40151.691
20170320,002536.SZ,13.82,13.89,13.75,13.88,13.85,0.03,0.22,24341.39,33601.061
20170321,002536.SZ,13.88,14.05,13.81,14.05,13.88,0.17,1.22,30493.29,42591.41
20170322,002536.SZ,13.96,14.04,13.8,13.95,14.05,-0.1,-0.71,31727.83,44143.617
20170323,002536.SZ,13.95,14.09,13.89,13.92,13.95,-0.03,-0.22,52621.41,73574.104
20170324,002536.SZ,13.95,14.05,13.78,13.95,13.92,0.03,0.22,34841.36,48386.231
20170327,002536.SZ,14.05,14.05,13.8,13.8,13.95,-0.15,-1.08,32994.12,45733.999
20170328,002536.SZ,14.28,14.81,14.0,14.04,13.8,0.24,1.74,121823.0,173515.713
20170329,002536.SZ,14.02,14.3,13.96,14.18,14.04,0.14,1.0,81046.31,114754.518
20170330,002536.SZ,14.09,14.18,13.6,13.65,14.18,-0.53,-3.74,65371.21,90559.127
20170331,002536.SZ,13.53,13.79,13.51,13.64,13.65,-0.01,-0.07,41712.82,56860.826
20170405,002536.SZ,13.78,13.93,13.64,13.9,13.64,0.26,1.91,48180.97,66590.308
20170406,002536.SZ,13.9,14.03,13.8,13.88,13.9,-0.02,-0.14,38072.28,52882.683
20170407,002536.SZ,13.88,14.03,13.88,13.9,13.88,0.02,0.14,35194.22,49075.415
20170410,002536.SZ,13.91,14.26,13.85,13.99,13.9,0.09,0.65,80559.79,113347.143
20170411,002536.SZ,13.99,14.15,13.77,14.11,13.99,0.12,0.86,56117.13,78482.96
20170412,002536.SZ,14.1,14.46,14.06,14.25,14.11,0.14,0.99,83951.54,119935.271
20170413,002536.SZ,14.36,14.93,14.36,14.75,14.25,0.5,3.51,153071.78,225309.581
20170414,002536.SZ,14.72,14.98,14.53,14.83,14.75,0.08,0.54,126409.65,186693.487
20170417,002536.SZ,14.8,15.18,14.68,14.72,14.83,-0.11,-0.74,117150.98,174465.895
20170418,002536.SZ,14.72,14.84,14.39,14.57,14.72,-0.15,-1.02,73562.86,107264.867
20170419,002536.SZ,14.48,14.64,14.1,14.3,14.57,-0.27,-1.85,73206.98,104866.312
20170420,002536.SZ,14.35,14.53,14.21,14.5,14.3,0.2,1.4,64091.17,92052.353
20170421,002536.SZ,14.5,14.6,14.1,14.2,14.5,-0.3,-2.07,55075.94,78664.927
20170424,002536.SZ,14.35,14.35,13.8,13.8,14.2,-0.4,-2.82,57531.4,80742.731
20170425,002536.SZ,13.8,13.94,13.36,13.49,13.8,-0.31,-2.25,68496.69,93611.02
20170426,002536.SZ,13.45,13.62,13.36,13.48,13.49,-0.01,-0.07,35831.93,48315.901
20170427,002536.SZ,13.49,13.49,12.93,13.35,13.48,-0.13,-0.96,56183.42,73987.217
20170428,002536.SZ,13.38,13.57,13.21,13.57,13.35,0.22,1.65,42393.24,56794.514
20170502,002536.SZ,13.53,13.65,13.43,13.56,13.57,-0.01,-0.07,25475.74,34528.942
20170503,002536.SZ,13.56,13.58,13.27,13.47,13.56,-0.09,-0.66,47071.21,63058.93
20170504,002536.SZ,13.46,13.71,13.27,13.39,13.47,-0.08,-0.59,40315.31,54355.265
20170505,002536.SZ,13.37,13.58,13.27,13.42,13.39,0.03,0.22,36591.09,49178.245
20170508,002536.SZ,13.3,13.57,13.3,13.35,13.42,-0.07,-0.52,27320.37,36737.865
20170509,002536.SZ,13.35,13.46,12.94,13.36,13.35,0.01,0.07,50763.53,66775.94
20170510,002536.SZ,13.32,13.58,13.17,13.19,13.36,-0.17,-1.27,33197.21,44377.807
20170511,002536.SZ,13.36,13.49,13.04,13.28,13.19,0.09,0.68,48238.08,64045.997
20170512,002536.SZ,13.3,13.32,13.06,13.28,13.28,0.0,0.0,24433.6,32210.25
20170515,002536.SZ,13.26,13.58,13.08,13.28,13.28,0.0,0.0,24476.18,32438.457
20170516,002536.SZ,13.27,13.38,13.0,13.38,13.28,0.1,0.75,42168.85,55487.844
20170517,002536.SZ,13.35,13.55,13.3,13.46,13.38,0.08,0.6,45205.16,60766.122
20170518,002536.SZ,13.39,13.45,13.26,13.3,13.46,-0.16,-1.19,22710.42,30346.033
20170519,002536.SZ,13.31,13.38,13.1,13.11,13.3,-0.19,-1.43,25054.7,33039.518
20170522,002536.SZ,13.05,13.23,12.66,12.71,13.11,-0.4,-3.05,39403.3,50898.651
20170523,002536.SZ,12.65,12.8,12.07,12.08,12.71,-0.63,-4.96,40491.0,50346.16
20170524,002536.SZ,12.05,12.18,11.9,12.04,12.08,-0.04,-0.33,36977.52,44505.02
20170525,002536.SZ,12.04,12.11,11.68,12.06,12.04,0.02,0.17,40985.54,48877.185
20170526,002536.SZ,12.06,12.32,12.0,12.21,12.06,0.15,1.24,38230.29,46345.203
20170531,002536.SZ,12.5,12.5,12.01,12.01,12.21,-0.2,-1.64,32473.21,39636.109
20170601,002536.SZ,12.0,12.13,11.0,11.45,12.01,-0.56,-4.66,37235.0,43790.097
20170602,002536.SZ,11.47,11.64,11.1,11.44,11.45,-0.01,-0.09,45791.34,51802.182
20170605,002536.SZ,11.44,11.7,11.43,11.61,11.44,0.17,1.49,24286.45,28169.674
20170606,002536.SZ,11.62,11.72,11.52,11.67,11.61,0.06,0.52,17218.0,20090.845
20170607,002536.SZ,11.75,12.19,11.67,12.07,11.67,0.4,3.43,33028.72,39420.357
20170608,002536.SZ,12.09,12.42,12.02,12.18,12.07,0.11,0.91,36184.65,44402.972
20170609,002536.SZ,12.01,12.23,11.92,12.14,12.08,0.06,0.5,28387.63,34268.8
20170612,002536.SZ,12.1,12.14,11.75,11.78,12.14,-0.36,-2.97,26274.4,31315.229
20170613,002536.SZ,11.71,12.04,11.66,11.9,11.78,0.12,1.02,27249.59,32461.737
20170614,002536.SZ,11.91,12.12,11.9,11.95,11.9,0.05,0.42,22777.28,27298.818
20170615,002536.SZ,11.91,12.16,11.91,12.06,11.95,0.11,0.92,32186.94,38915.379
20170616,002536.SZ,12.08,12.45,12.08,12.35,12.06,0.29,2.4,45965.91,56618.269
20170619,002536.SZ,12.36,12.5,12.21,12.35,12.35,0.0,0.0,36526.77,45185.523
20170620,002536.SZ,12.43,12.75,12.4,12.66,12.35,0.31,2.51,53669.89,67866.435
20170621,002536.SZ,12.64,12.7,12.26,12.39,12.66,-0.27,-2.13,55393.56,68883.535
20170622,002536.SZ,12.39,12.51,12.2,12.22,12.39,-0.17,-1.37,34427.39,42595.981
20170623,002536.SZ,12.23,12.34,12.06,12.28,12.22,0.06,0.49,26849.96,32764.485
20170626,002536.SZ,12.28,12.63,12.23,12.52,12.28,0.24,1.95,31247.26,38924.163
20170627,002536.SZ,12.51,12.65,12.4,12.48,12.52,-0.04,-0.32,25366.97,31757.485
20170628,002536.SZ,12.46,12.46,12.32,12.35,12.48,-0.13,-1.04,17232.32,21345.831
20170629,002536.SZ,12.36,12.39,12.15,12.35,12.35,0.0,0.0,23785.03,29285.269
20170630,002536.SZ,12.3,12.42,12.27,12.38,12.35,0.03,0.24,12093.42,14934.832
20170703,002536.SZ,12.45,12.77,12.41,12.71,12.38,0.33,2.67,50449.66,63741.876
20170704,002536.SZ,12.71,12.97,12.67,12.88,12.71,0.17,1.34,58205.22,74920.059
20170705,002536.SZ,12.95,13.23,12.89,13.15,12.88,0.27,2.1,64514.95,84443.88
20170706,002536.SZ,13.23,13.85,13.21,13.44,13.15,0.29,2.21,99855.54,135493.893
20170707,002536.SZ,13.61,14.13,13.4,14.1,13.44,0.66,4.91,103181.13,142475.585
20170710,002536.SZ,14.07,14.14,13.84,14.08,14.1,-0.02,-0.14,57301.06,80079.296
20170711,002536.SZ,13.9,13.99,13.58,13.66,14.08,-0.42,-2.98,65804.32,90569.208
20170712,002536.SZ,13.74,13.9,13.42,13.6,13.66,-0.06,-0.44,62121.81,84675.443
20170713,002536.SZ,13.61,14.48,13.61,14.44,13.6,0.84,6.18,89231.03,126712.564
20170714,002536.SZ,14.4,14.4,14.01,14.1,14.44,-0.34,-2.35,46973.91,66731.93
20170717,002536.SZ,14.24,14.24,13.15,13.3,14.1,-0.8,-5.67,74537.21,100870.676
20170718,002536.SZ,13.55,13.84,13.28,13.56,13.3,0.26,1.95,71988.41,97760.011
20170719,002536.SZ,13.59,13.75,13.36,13.46,13.56,-0.1,-0.74,77343.31,104469.305
20170720,002536.SZ,13.46,14.07,13.43,13.89,13.46,0.43,3.19,87082.98,120081.952
20170721,002536.SZ,13.82,14.11,13.8,13.83,13.89,-0.06,-0.43,61369.66,85734.077
20170724,002536.SZ,13.73,14.5,13.62,14.49,13.83,0.66,4.77,87226.13,123938.372
20170725,002536.SZ,14.52,14.66,13.93,14.11,14.49,-0.38,-2.62,62366.84,88825.369
20170726,002536.SZ,14.06,14.98,13.91,14.9,14.11,0.79,5.6,119602.2,174820.462
20170727,002536.SZ,14.84,15.15,14.62,14.74,14.9,-0.16,-1.07,96148.01,142617.611
20170728,002536.SZ,14.64,14.82,14.42,14.55,14.74,-0.19,-1.29,49883.8,72640.077
20170731,002536.SZ,14.45,14.74,14.31,14.67,14.55,0.12,0.82,55474.41,80667.317
20170801,002536.SZ,14.6,14.65,14.37,14.38,14.67,-0.29,-1.98,49196.76,71142.7
20170802,002536.SZ,14.38,14.51,14.11,14.14,14.38,-0.24,-1.67,43234.04,61687.227
20170803,002536.SZ,14.19,14.87,14.19,14.73,14.14,0.59,4.17,83587.98,122158.068
20170804,002536.SZ,14.62,14.96,14.4,14.41,14.73,-0.32,-2.17,56993.75,83265.694
20170807,002536.SZ,14.45,14.6,14.3,14.48,14.41,0.07,0.49,36841.94,53100.175
20170808,002536.SZ,14.49,14.49,14.21,14.27,14.48,-0.21,-1.45,37838.78,54102.178
20170809,002536.SZ,14.25,14.52,13.94,14.41,14.27,0.14,0.98,55494.51,78584.521
20170810,002536.SZ,14.3,14.3,14.0,14.01,14.41,-0.4,-2.78,39607.66,55939.98
20170811,002536.SZ,13.91,14.13,13.68,13.68,14.01,-0.33,-2.36,35930.05,49891.55
20170814,002536.SZ,13.66,14.05,13.61,13.99,13.68,0.31,2.27,30016.08,41622.102
20170815,002536.SZ,13.92,14.25,13.8,14.25,13.99,0.26,1.86,31276.65,43979.084
20170816,002536.SZ,15.0,15.28,14.62,15.17,14.25,0.92,6.46,249465.04,373969.426
20170817,002536.SZ,15.4,15.98,15.17,15.86,15.17,0.69,4.55,208274.49,325789.981
20170818,002536.SZ,15.53,16.1,15.51,15.68,15.86,-0.18,-1.13,119455.89,188870.284
20170821,002536.SZ,15.67,15.94,15.42,15.7,15.68,0.02,0.13,68684.3,107480.886
20170822,002536.SZ,15.55,15.96,15.38,15.78,15.7,0.08,0.51,73253.49,114973.92
20170823,002536.SZ,15.7,15.86,15.53,15.56,15.78,-0.22,-1.39,47443.37,74345.845
20170824,002536.SZ,15.56,15.75,15.34,15.41,15.56,-0.15,-0.96,46208.33,71717.392
20170825,002536.SZ,15.35,15.59,15.35,15.47,15.41,0.06,0.39,31095.05,48190.826
20170828,002536.SZ,15.48,15.67,15.34,15.59,15.47,0.12,0.78,51659.61,80147.813
20170829,002536.SZ,15.46,15.59,15.25,15.25,15.59,-0.34,-2.18,54754.67,84199.977
20170830,002536.SZ,15.19,15.43,15.13,15.24,15.25,-0.01,-0.07,57159.96,87393.847
20170831,002536.SZ,15.43,15.99,15.42,15.95,15.24,0.71,4.66,93584.13,147483.415
20170901,002536.SZ,15.89,16.29,15.78,15.8,15.95,-0.15,-0.94,86055.17,137580.59
20170904,002536.SZ,15.79,16.14,15.72,15.99,15.8,0.19,1.2,58445.31,93466.841
20170905,002536.SZ,16.0,16.43,16.0,16.14,15.99,0.15,0.94,63935.89,103714.027
20170906,002536.SZ,16.29,16.29,15.87,15.89,16.14,-0.25,-1.55,54105.02,86962.713
20170907,002536.SZ,15.87,15.95,15.5,15.8,15.89,-0.09,-0.57,53429.05,83867.129
20170908,002536.SZ,15.8,16.15,15.64,16.13,15.8,0.33,2.09,41664.9,66511.026
20170911,002536.SZ,16.01,16.3,16.01,16.08,16.13,-0.05,-0.31,38619.96,62444.453
20170912,002536.SZ,16.01,16.58,15.9,16.41,16.08,0.33,2.05,76330.23,124629.956
20170913,002536.SZ,16.34,16.85,16.3,16.83,16.41,0.42,2.56,81568.1,136499.877
20170914,002536.SZ,16.83,16.88,16.42,16.52,16.83,-0.31,-1.84,48600.16,80628.695
20170915,002536.SZ,16.53,16.65,16.32,16.37,16.52,-0.15,-0.91,32758.79,54021.49
20170918,002536.SZ,16.3,16.5,16.07,16.49,16.37,0.12,0.73,31493.47,51260.622
20170919,002536.SZ,16.45,16.45,15.98,16.05,16.49,-0.44,-2.67,35683.64,57803.187
20170920,002536.SZ,15.91,16.04,15.69,15.91,16.05,-0.14,-0.87,37153.93,58779.819
20170921,002536.SZ,15.91,16.03,15.69,15.7,15.91,-0.21,-1.32,31479.55,49759.887
20170922,002536.SZ,15.69,15.78,14.9,15.4,15.7,-0.3,-1.91,61340.52,94165.13
20170925,002536.SZ,15.27,15.55,15.1,15.22,15.4,-0.18,-1.17,26408.61,40556.46
20170926,002536.SZ,15.22,15.39,15.17,15.37,15.22,0.15,0.99,17779.64,27193.009
20170927,002536.SZ,15.37,15.64,15.27,15.47,15.37,0.1,0.65,23109.14,35659.437
20170928,002536.SZ,15.5,15.52,15.32,15.36,15.47,-0.11,-0.71,17629.17,27135.331
20170929,002536.SZ,15.32,15.96,15.08,15.78,15.36,0.42,2.73,54794.73,84475.542
20171009,002536.SZ,15.78,15.94,15.55,15.63,15.78,-0.15,-0.95,36339.1,57305.094
20171010,002536.SZ,15.73,16.44,15.58,16.35,15.63,0.72,4.61,91632.17,148463.781
20171011,002536.SZ,16.38,16.64,16.12,16.2,16.35,-0.15,-0.92,47810.37,78329.058
20171012,002536.SZ,16.22,16.57,16.15,16.44,16.2,0.24,1.48,41597.25,68071.835
20171013,002536.SZ,16.31,16.55,16.3,16.44,16.44,0.0,0.0,20452.21,33607.49
20171016,002536.SZ,16.33,16.49,15.71,15.9,16.44,-0.54,-3.28,49601.18,79410.978
20171017,002536.SZ,15.83,15.99,15.54,15.69,15.9,-0.21,-1.32,20627.57,32327.243
20171018,002536.SZ,15.78,15.9,15.5,15.67,15.69,-0.02,-0.13,27273.93,42773.84
20171019,002536.SZ,15.67,15.69,15.39,15.46,15.67,-0.21,-1.34,20328.59,31501.527
20171020,002536.SZ,15.46,15.8,15.44,15.74,15.46,0.28,1.81,29544.73,46286.627
20171023,002536.SZ,15.7,16.16,15.6,16.07,15.74,0.33,2.1,40893.68,65451.435
20171024,002536.SZ,16.13,16.58,16.13,16.36,16.07,0.29,1.8,59552.7,97658.531
20171025,002536.SZ,16.28,16.55,16.18,16.5,16.36,0.14,0.86,35661.22,58239.756
20171026,002536.SZ,16.94,16.97,16.37,16.45,16.5,-0.05,-0.3,73502.67,121951.704
20171027,002536.SZ,16.48,16.86,16.38,16.7,16.45,0.25,1.52,85980.6,143421.326
20171030,002536.SZ,16.7,16.78,16.17,16.28,16.7,-0.42,-2.52,60190.44,98714.946
20171031,002536.SZ,16.18,16.54,16.17,16.49,16.28,0.21,1.29,56562.14,92713.182
20171101,002536.SZ,16.5,16.96,16.38,16.96,16.49,0.47,2.85,88830.52,148845.699
20171102,002536.SZ,17.05,17.25,16.27,16.31,16.96,-0.65,-3.83,101820.63,171052.963
20171103,002536.SZ,16.35,16.45,15.86,16.05,16.31,-0.26,-1.59,55912.76,89950.021
20171106,002536.SZ,16.04,16.53,15.82,16.42,16.05,0.37,2.31,52080.5,84626.098
20171107,002536.SZ,16.41,16.46,16.0,16.16,16.42,-0.26,-1.58,50331.03,81267.04
20171108,002536.SZ,16.2,16.38,16.08,16.14,16.16,-0.02,-0.12,45776.03,74230.734
20171109,002536.SZ,16.08,16.23,16.01,16.23,16.14,0.09,0.56,32743.37,52750.423
20171110,002536.SZ,16.22,16.39,16.08,16.13,16.23,-0.1,-0.62,47163.54,76334.396
20171113,002536.SZ,16.13,16.15,14.52,14.57,16.13,-1.56,-9.67,166752.42,253665.637
20171114,002536.SZ,14.73,15.14,14.6,14.94,14.57,0.37,2.54,89630.12,133578.368
20171115,002536.SZ,14.8,14.9,14.53,14.6,14.94,-0.34,-2.28,56223.11,82637.955
20171116,002536.SZ,14.6,14.78,14.42,14.65,14.6,0.05,0.34,67138.65,97851.376
20171117,002536.SZ,14.65,14.65,13.69,13.84,14.65,-0.81,-5.53,84125.93,119015.415
20171120,002536.SZ,13.88,14.41,13.84,14.36,13.84,0.52,3.76,52764.23,74040.432
20171121,002536.SZ,14.5,14.63,14.29,14.44,14.36,0.08,0.56,72489.56,105012.281
20171122,002536.SZ,14.47,14.5,14.02,14.13,14.44,-0.31,-2.15,52158.83,74159.384
20171123,002536.SZ,14.18,14.19,13.41,13.53,14.13,-0.6,-4.25,53533.16,73484.1
20171124,002536.SZ,13.58,14.06,13.58,13.96,13.53,0.43,3.18,50285.79,69659.915
20171127,002536.SZ,13.81,14.19,13.81,14.07,13.96,0.11,0.79,29548.1,41563.295
20171128,002536.SZ,14.05,14.35,14.01,14.29,14.07,0.22,1.56,30819.96,43877.83
20171129,002536.SZ,14.25,14.42,14.1,14.39,14.29,0.1,0.7,29431.32,41959.684
20171130,002536.SZ,14.32,14.37,14.13,14.28,14.39,-0.11,-0.76,16780.81,23915.076
20171201,002536.SZ,14.37,14.69,14.26,14.63,14.28,0.35,2.45,36170.95,52740.124
20171204,002536.SZ,14.57,14.64,14.44,14.53,14.63,-0.1,-0.68,20884.33,30345.186
20171205,002536.SZ,14.51,14.57,14.23,14.38,14.53,-0.15,-1.03,46532.81,67196.197
20171206,002536.SZ,14.42,14.65,14.3,14.63,14.38,0.25,1.74,29557.08,42775.203
20171207,002536.SZ,14.61,14.75,14.5,14.56,14.63,-0.07,-0.48,18192.77,26628.599
20171208,002536.SZ,14.6,14.65,14.49,14.51,14.56,-0.05,-0.34,16265.87,23679.219
20171211,002536.SZ,14.6,14.77,14.47,14.75,14.51,0.24,1.65,23076.35,33873.069
20171212,002536.SZ,14.77,14.77,14.37,14.44,14.75,-0.31,-2.1,25368.52,36828.0
20171213,002536.SZ,14.44,14.68,14.38,14.64,14.44,0.2,1.39,17349.75,25264.413
20171214,002536.SZ,14.55,14.66,14.23,14.3,14.64,-0.34,-2.32,34990.82,50511.148
20171215,002536.SZ,14.22,14.41,14.01,14.12,14.3,-0.18,-1.26,34367.2,48749.034
20171218,002536.SZ,14.14,14.34,13.91,14.1,14.12,-0.02,-0.14,25972.74,36611.05
20171219,002536.SZ,14.08,14.36,13.98,14.35,14.1,0.25,1.77,25320.72,35878.643
20171220,002536.SZ,14.26,14.32,13.93,13.95,14.35,-0.4,-2.79,27595.3,38730.418
20171221,002536.SZ,13.9,14.07,13.61,13.86,13.95,-0.09,-0.65,35401.48,48847.431
20171222,002536.SZ,13.75,13.86,13.63,13.72,13.86,-0.14,-1.01,17861.95,24533.776
20171225,002536.SZ,13.72,13.84,13.62,13.75,13.72,0.03,0.22,20755.88,28393.293
20171226,002536.SZ,13.92,14.33,13.9,14.2,13.75,0.45,3.27,40113.32,56658.171
20171227,002536.SZ,14.23,14.28,14.03,14.06,14.2,-0.14,-0.99,25743.9,36430.668
20171228,002536.SZ,14.08,14.17,14.0,14.1,14.06,0.04,0.28,21481.75,30278.729
20171229,002536.SZ,14.13,14.55,14.13,14.51,14.1,0.41,2.91,39482.63,56796.722
20180102,002536.SZ,14.53,14.57,14.28,14.53,14.51,0.02,0.14,34566.8,49894.255
20180103,002536.SZ,14.53,14.67,14.38,14.56,14.53,0.03,0.21,38936.74,56594.207
20180104,002536.SZ,14.62,14.88,14.56,14.65,14.56,0.09,0.62,34199.99,50376.379
20180105,002536.SZ,14.66,14.75,14.41,14.71,14.65,0.06,0.41,39288.49,57341.731
20180108,002536.SZ,14.71,14.75,14.54,14.71,14.71,0.0,0.0,32073.5,47031.903
20180109,002536.SZ,14.62,14.7,14.44,14.52,14.71,-0.19,-1.29,31976.02,46483.687
20180110,002536.SZ,14.56,15.11,14.41,15.1,14.52,0.58,3.99,73718.04,109200.41
20180111,002536.SZ,14.95,15.39,14.93,15.04,15.1,-0.06,-0.4,65936.91,99688.85
20180112,002536.SZ,15.09,15.16,14.86,14.96,15.04,-0.08,-0.53,26897.27,40321.135
20180115,002536.SZ,14.85,15.37,14.85,14.98,14.96,0.02,0.13,45677.29,69355.276
20180116,002536.SZ,14.99,15.06,14.7,14.72,14.98,-0.26,-1.74,35678.84,52906.549
20180117,002536.SZ,14.71,15.07,14.5,15.07,14.72,0.35,2.38,38826.99,57570.631
20180118,002536.SZ,15.07,15.3,15.02,15.22,15.07,0.15,1.0,32890.97,50020.737
20180119,002536.SZ,15.26,15.33,15.03,15.29,15.22,0.07,0.46,34628.84,52537.066
20180122,002536.SZ,15.33,15.39,15.04,15.23,15.29,-0.06,-0.39,24909.33,37765.879
20180123,002536.SZ,15.23,15.25,14.63,14.85,15.23,-0.38,-2.5,43090.27,64645.666
20180124,002536.SZ,14.71,15.06,14.7,14.98,14.85,0.13,0.88,39915.78,59611.327
20180125,002536.SZ,14.92,15.07,14.84,14.97,14.98,-0.01,-0.07,33741.06,50578.296
20180126,002536.SZ,14.95,14.95,14.45,14.49,14.97,-0.48,-3.21,48008.0,70336.72
20180129,002536.SZ,14.5,14.84,14.49,14.6,14.49,0.11,0.76,36152.0,53029.547
20180130,002536.SZ,14.6,14.89,14.53,14.74,14.6,0.14,0.96,20476.83,30212.901
20180131,002536.SZ,14.78,14.8,14.39,14.65,14.74,-0.09,-0.61,21611.53,31463.589
20180201,002536.SZ,14.4,14.69,13.88,14.01,14.65,-0.64,-4.37,28982.18,41079.16
20180202,002536.SZ,13.8,14.1,13.6,13.7,14.01,-0.31,-2.21,31039.44,42880.45
20180205,002536.SZ,13.63,13.92,13.51,13.9,13.7,0.2,1.46,27374.18,37800.928
20180206,002536.SZ,13.72,13.85,12.52,12.96,13.9,-0.94,-6.76,26290.82,35088.506
20180207,002536.SZ,13.16,13.38,12.49,12.66,12.96,-0.3,-2.31,42523.94,54685.941
20180208,002536.SZ,12.64,13.16,12.58,13.1,12.66,0.44,3.48,21876.23,28329.568
20180209,002536.SZ,12.8,13.02,12.69,12.73,13.1,-0.37,-2.82,35312.8,45436.846
20180212,002536.SZ,12.9,13.09,12.61,12.89,12.73,0.16,1.26,34393.42,44314.37
20180213,002536.SZ,12.9,13.23,12.9,13.05,12.89,0.16,1.24,16051.6,21011.738
20180214,002536.SZ,13.05,13.12,12.91,13.05,13.05,0.0,0.0,16364.71,21292.234
20180222,002536.SZ,13.07,13.33,13.07,13.29,13.05,0.24,1.84,14125.64,18713.517
20180223,002536.SZ,13.9,13.9,13.44,13.6,13.29,0.31,2.33,29256.75,39911.932
20180226,002536.SZ,13.68,13.89,13.58,13.82,13.6,0.22,1.62,26714.96,36726.001
20180227,002536.SZ,13.81,14.16,13.7,14.1,13.82,0.28,2.03,37353.23,52505.908
20180228,002536.SZ,14.08,14.18,13.87,14.08,14.1,-0.02,-0.14,19113.8,26869.884
20180301,002536.SZ,14.06,14.16,13.91,14.13,14.08,0.05,0.36,14897.43,20998.801
20180302,002536.SZ,14.05,14.26,13.9,14.18,14.13,0.05,0.35,22494.47,31569.599
20180305,002536.SZ,14.18,14.18,14.0,14.1,14.18,-0.08,-0.56,13125.95,18460.248
20180306,002536.SZ,14.1,14.5,14.03,14.48,14.1,0.38,2.7,32248.15,46107.348
20180307,002536.SZ,14.38,14.55,14.36,14.38,14.48,-0.1,-0.69,16105.88,23268.417
20180308,002536.SZ,14.31,14.44,14.24,14.34,14.38,-0.04,-0.28,9880.88,14161.433
20180309,002536.SZ,14.34,14.51,14.3,14.48,14.34,0.14,0.98,13217.02,19071.813
20180312,002536.SZ,14.5,14.75,14.33,14.46,14.48,-0.02,-0.14,25024.37,36264.915
20180313,002536.SZ,14.5,14.5,14.31,14.32,14.46,-0.14,-0.97,15644.03,22510.272
20180314,002536.SZ,14.31,14.46,14.23,14.23,14.32,-0.09,-0.63,15845.47,22735.687
20180315,002536.SZ,14.19,14.26,13.95,14.07,14.23,-0.16,-1.12,19789.86,27914.681
20180316,002536.SZ,14.07,14.4,13.99,14.31,14.07,0.24,1.71,15335.34,21891.865
20180319,002536.SZ,14.27,14.43,14.17,14.21,14.31,-0.1,-0.7,14238.98,20328.926
20180320,002536.SZ,14.15,14.21,13.96,14.08,14.21,-0.13,-0.91,15685.19,22053.358
20180321,002536.SZ,14.06,14.13,13.88,13.94,14.08,-0.14,-0.99,18249.19,25604.984
20180322,002536.SZ,13.93,13.94,13.34,13.6,13.94,-0.34,-2.44,40530.62,54972.84
20180323,002536.SZ,13.29,13.44,13.03,13.16,13.6,-0.44,-3.24,26484.07,35054.98
20180326,002536.SZ,13.14,13.36,13.06,13.31,13.16,0.15,1.14,27167.69,35954.729
20180327,002536.SZ,13.44,13.96,13.38,13.95,13.31,0.64,4.81,39058.86,53487.518
20180328,002536.SZ,13.5,14.05,13.4,13.95,13.95,0.0,0.0,50448.54,69751.406
20180329,002536.SZ,14.0,14.04,13.71,13.81,13.95,-0.14,-1.0,32156.04,44399.34
20180330,002536.SZ,13.89,14.0,13.82,13.93,13.81,0.12,0.87,19979.75,27763.769
20180402,002536.SZ,14.08,14.38,13.94,14.18,13.93,0.25,1.79,28329.76,40156.485
20180403,002536.SZ,14.02,14.13,13.6,13.73,14.18,-0.45,-3.17,34001.42,46805.077
20180404,002536.SZ,13.81,13.9,13.72,13.83,13.73,0.1,0.73,20106.39,27746.303
20180409,002536.SZ,13.67,14.15,13.67,14.1,13.83,0.27,1.95,41181.92,57722.226
20180410,002536.SZ,14.12,14.49,13.96,14.25,14.1,0.15,1.06,66626.97,95079.184
20180411,002536.SZ,14.26,14.43,14.12,14.18,14.25,-0.07,-0.49,34061.27,48420.112
20180412,002536.SZ,14.13,14.36,14.1,14.25,14.18,0.07,0.49,31101.47,44258.134
20180413,002536.SZ,14.3,14.37,14.14,14.16,14.25,-0.09,-0.63,29638.7,42261.655
20180416,002536.SZ,14.13,14.13,13.72,13.89,14.16,-0.27,-1.91,31846.67,44191.252
20180417,002536.SZ,13.89,13.9,13.35,13.35,13.89,-0.54,-3.89,28387.84,38527.493
20180418,002536.SZ,13.4,13.54,13.16,13.46,13.35,0.11,0.82,20053.46,26726.431
20180419,002536.SZ,13.48,13.55,13.36,13.37,13.46,-0.09,-0.67,17841.0,24000.492
20180420,002536.SZ,13.24,13.42,12.89,12.94,13.37,-0.43,-3.22,24353.27,31907.514
20180423,002536.SZ,12.89,13.28,12.89,13.22,12.94,0.28,2.16,24462.09,31971.645
20180424,002536.SZ,13.18,13.48,13.16,13.35,13.22,0.13,0.98,17417.66,23216.677
20180425,002536.SZ,13.36,13.41,13.26,13.34,13.35,-0.01,-0.07,14771.02,19713.458
20180426,002536.SZ,13.35,13.4,13.01,13.05,13.34,-0.29,-2.17,13948.51,18404.943
20180427,002536.SZ,13.1,13.28,13.05,13.18,13.05,0.13,1.0,16069.22,21146.156
20180502,002536.SZ,13.18,13.26,12.65,12.78,13.18,-0.4,-3.03,32939.15,42412.68
20180503,002536.SZ,12.79,12.95,12.7,12.93,12.78,0.15,1.17,22911.96,29364.569
20180504,002536.SZ,12.81,13.03,12.79,12.94,12.93,0.01,0.08,17987.69,23220.596
20180507,002536.SZ,12.99,13.18,12.91,13.16,12.94,0.22,1.7,14754.54,19331.357
20180508,002536.SZ,13.16,13.24,13.14,13.2,13.16,0.04,0.3,15340.58,20237.958
20180509,002536.SZ,13.18,13.24,13.07,13.18,13.2,-0.02,-0.15,12996.28,17095.694
20180510,002536.SZ,13.17,13.26,13.1,13.19,13.18,0.01,0.08,14610.03,19233.623
20180511,002536.SZ,13.19,13.21,12.94,12.98,13.19,-0.21,-1.59,16010.22,20887.446
20180514,002536.SZ,13.02,13.07,12.8,12.88,12.98,-0.1,-0.77,17044.3,22039.307
20180515,002536.SZ,12.85,13.2,12.85,13.17,12.88,0.29,2.25,26440.71,34651.397
20180516,002536.SZ,13.13,13.17,13.03,13.12,13.17,-0.05,-0.38,13913.0,18230.478
20180517,002536.SZ,13.15,13.22,13.02,13.04,13.12,-0.08,-0.61,10328.51,13490.468
20180518,002536.SZ,13.03,13.13,13.01,13.13,13.04,0.09,0.69,12656.64,16563.964
20180521,002536.SZ,13.18,13.32,13.18,13.25,13.13,0.12,0.91,25477.67,33757.542
20180522,002536.SZ,13.01,13.01,12.86,12.96,12.95,0.01,0.08,17476.42,22575.124
20180523,002536.SZ,12.99,13.3,12.97,13.06,12.96,0.1,0.77,31575.84,41416.534
20180524,002536.SZ,13.01,13.04,12.83,12.83,13.06,-0.23,-1.76,18772.17,24194.893
20180525,002536.SZ,12.84,12.94,12.74,12.76,12.83,-0.07,-0.55,14586.08,18720.761
20180528,002536.SZ,12.75,12.81,12.5,12.56,12.76,-0.2,-1.57,15795.0,19921.279
20180529,002536.SZ,12.54,12.7,12.5,12.58,12.56,0.02,0.16,13792.32,17333.927
20180530,002536.SZ,12.48,12.48,11.94,11.98,12.58,-0.6,-4.77,29214.84,35468.995
20180531,002536.SZ,12.09,12.1,11.92,12.0,11.98,0.02,0.17,14670.08,17631.293
20180601,002536.SZ,11.98,12.18,11.9,12.02,12.0,0.02,0.17,14434.23,17380.578
20180604,002536.SZ,12.02,12.12,11.94,12.08,12.02,0.06,0.5,10236.02,12315.914
20180605,002536.SZ,12.05,13.28,12.04,12.7,12.08,0.62,5.13,29983.38,36918.225
20180606,002536.SZ,12.51,12.87,12.31,12.35,12.7,-0.35,-2.76,38110.65,47526.721
20180607,002536.SZ,12.35,12.41,12.08,12.09,12.35,-0.26,-2.11,23579.95,28746.978
20180608,002536.SZ,12.1,12.21,12.04,12.14,12.09,0.05,0.41,14082.51,17081.739
20180611,002536.SZ,12.1,12.26,12.03,12.06,12.14,-0.08,-0.66,11743.3,14278.823
20180612,002536.SZ,12.06,12.22,11.97,12.17,12.06,0.11,0.91,9774.93,11849.665
20180613,002536.SZ,12.17,12.17,11.99,12.0,12.17,-0.17,-1.4,10807.94,13054.273
20180614,002536.SZ,11.99,12.08,11.73,11.82,12.0,-0.18,-1.5,16754.19,19931.699
20180615,002536.SZ,11.75,11.85,11.41,11.46,11.82,-0.36,-3.05,18206.09,21030.396
20180619,002536.SZ,11.41,11.41,10.33,10.44,11.46,-1.02,-8.9,30788.39,33391.707
20180620,002536.SZ,10.57,10.73,10.31,10.69,10.44,0.25,2.39,22366.02,23537.606
20180621,002536.SZ,10.66,11.05,10.6,10.76,10.69,0.07,0.65,26044.6,28198.043
20180622,002536.SZ,10.72,11.07,10.46,11.02,10.76,0.26,2.42,11742.64,12749.597
20180625,002536.SZ,11.1,11.1,10.73,10.76,11.02,-0.26,-2.36,10949.68,11981.862
20180626,002536.SZ,10.58,10.92,10.58,10.77,10.76,0.01,0.09,12980.07,13941.036
20180627,002536.SZ,10.78,10.82,10.64,10.78,10.77,0.01,0.09,15650.38,16809.537
20180628,002536.SZ,10.77,10.92,10.69,10.74,10.78,-0.04,-0.37,10274.0,11104.294
20180629,002536.SZ,10.7,11.05,10.7,10.97,10.74,0.23,2.14,12918.74,14110.753
20180702,002536.SZ,11.01,11.07,10.6,10.67,10.97,-0.3,-2.73,17979.87,19511.057
20180703,002536.SZ,10.67,11.05,10.61,10.99,10.67,0.32,3.0,14235.42,15547.402
20180704,002536.SZ,11.0,11.04,10.76,11.0,10.99,0.01,0.09,11496.72,12595.503
20180705,002536.SZ,10.96,11.02,10.75,10.8,11.0,-0.2,-1.82,11533.75,12521.203
20180706,002536.SZ,10.8,10.94,10.7,10.81,10.8,0.01,0.09,10473.03,11332.549
20180709,002536.SZ,10.74,10.97,10.74,10.95,10.81,0.14,1.3,9700.33,10582.557
20180710,002536.SZ,10.96,11.02,10.85,10.94,10.95,-0.01,-0.09,14882.29,16255.652
20180711,002536.SZ,10.86,10.99,10.77,10.86,10.94,-0.08,-0.73,16297.0,17743.972
20180712,002536.SZ,10.86,11.32,10.8,11.15,10.86,0.29,2.67,19676.52,21820.872
20180713,002536.SZ,11.13,11.24,11.03,11.18,11.15,0.03,0.27,13839.33,15403.303
20180716,002536.SZ,11.18,11.18,11.09,11.13,11.18,-0.05,-0.45,9450.0,10510.731
20180717,002536.SZ,11.15,11.22,11.11,11.19,11.13,0.06,0.54,9519.0,10613.041
20180718,002536.SZ,11.21,11.41,11.09,11.1,11.19,-0.09,-0.8,17680.0,19865.416
20180719,002536.SZ,11.08,11.17,11.08,11.1,11.1,0.0,0.0,9341.16,10378.936
20180720,002536.SZ,11.06,11.19,11.02,11.16,11.1,0.06,0.5405,8019.0,8920.354
20180723,002536.SZ,11.18,11.26,11.05,11.26,11.16,0.1,0.8961,14298.14,16017.295
20180724,002536.SZ,11.28,11.48,11.26,11.47,11.26,0.21,1.865,23034.37,26258.479
20180725,002536.SZ,11.47,11.56,11.29,11.41,11.47,-0.06,-0.5231,14506.35,16496.601
20180726,002536.SZ,11.46,11.59,11.35,11.5,11.41,0.09,0.7888,12775.99,14613.586
20180727,002536.SZ,11.45,11.57,11.42,11.5,11.5,0.0,0.0,8306.86,9542.885
20180730,002536.SZ,11.5,11.61,11.3,11.34,11.5,-0.16,-1.3913,8109.56,9254.424
20180731,002536.SZ,11.33,11.41,11.33,11.38,11.34,0.04,0.3527,5059.0,5755.515
20180801,002536.SZ,11.51,11.51,11.12,11.12,11.38,-0.26,-2.2847,11853.06,13365.423
20180802,002536.SZ,11.11,11.11,10.52,10.82,11.12,-0.3,-2.6978,19154.55,20633.204
20180803,002536.SZ,10.74,11.8,10.61,11.13,10.82,0.31,2.8651,22050.99,24517.414
20180806,002536.SZ,11.01,11.38,10.9,10.97,11.13,-0.16,-1.4376,16461.51,18323.375
20180807,002536.SZ,10.9,11.39,10.9,11.28,10.97,0.31,2.8259,17406.06,19535.052
20180808,002536.SZ,11.22,11.41,11.2,11.25,11.28,-0.03,-0.266,11890.29,13404.383
20180809,002536.SZ,11.27,11.43,11.15,11.43,11.25,0.18,1.6,25668.88,29175.981
20180810,002536.SZ,11.09,11.13,10.66,10.84,11.43,-0.59,-5.1619,82820.03,89786.172
20180813,002536.SZ,10.66,10.68,10.45,10.56,10.84,-0.28,-2.583,29398.95,30910.464
20180814,002536.SZ,10.56,10.58,10.42,10.49,10.56,-0.07,-0.6629,23328.15,24459.433
20180815,002536.SZ,10.46,10.46,10.29,10.29,10.49,-0.2,-1.9066,22094.67,22853.228
20180816,002536.SZ,10.01,10.14,9.87,9.95,10.29,-0.34,-3.3042,32928.0,32909.706
20180817,002536.SZ,9.95,10.08,9.75,9.76,9.95,-0.19,-1.9095,15277.0,15119.123
20180820,002536.SZ,9.66,9.88,9.54,9.85,9.76,0.09,0.9221,17957.81,17435.099
20180821,002536.SZ,9.79,9.89,9.77,9.83,9.85,-0.02,-0.203,13747.0,13520.071
20180822,002536.SZ,9.87,9.87,9.58,9.62,9.83,-0.21,-2.1363,11625.03,11247.878
20180823,002536.SZ,9.6,9.73,9.58,9.66,9.62,0.04,0.4158,11569.91,11145.829
20180824,002536.SZ,9.67,9.72,9.58,9.61,9.66,-0.05,-0.5176,7920.47,7617.656
20180827,002536.SZ,9.65,9.76,9.61,9.75,9.61,0.14,1.4568,14208.06,13787.916
20180828,002536.SZ,9.77,9.8,9.71,9.73,9.75,-0.02,-0.2051,8248.96,8038.055
20180829,002536.SZ,9.78,9.78,9.62,9.64,9.73,-0.09,-0.925,9752.03,9439.204
20180830,002536.SZ,9.68,9.68,9.36,9.38,9.64,-0.26,-2.6971,14287.68,13592.633
20180831,002536.SZ,9.29,9.45,9.29,9.34,9.38,-0.04,-0.4264,9487.12,8903.841
20180903,002536.SZ,9.34,9.34,9.04,9.24,9.34,-0.1,-1.0707,11494.61,10577.068
20180904,002536.SZ,9.24,9.4,9.21,9.4,9.24,0.16,1.7316,12047.84,11267.623
20180905,002536.SZ,9.36,9.45,9.21,9.23,9.4,-0.17,-1.8085,9823.58,9177.387
20180906,002536.SZ,9.22,9.32,9.12,9.21,9.23,-0.02,-0.2167,6682.43,6174.238
20180907,002536.SZ,9.15,9.33,9.12,9.2,9.21,-0.01,-0.1086,9497.01,8767.158
20180910,002536.SZ,9.2,9.26,9.14,9.2,9.2,0.0,0.0,8694.86,7994.143
20180911,002536.SZ,9.2,9.45,9.13,9.43,9.2,0.23,2.5,18352.22,17158.331
20180912,002536.SZ,9.33,9.43,9.29,9.39,9.43,-0.04,-0.4242,7168.13,6712.031
20180913,002536.SZ,9.45,9.46,9.33,9.38,9.39,-0.01,-0.1065,6864.0,6433.814
20180914,002536.SZ,9.4,9.98,9.33,9.67,9.38,0.29,3.0917,32123.21,31080.005
20180917,002536.SZ,9.67,9.85,9.45,9.63,9.67,-0.04,-0.4137,20504.09,19788.774
20180918,002536.SZ,9.54,9.76,9.48,9.71,9.63,0.08,0.8307,21268.36,20455.15
20180919,002536.SZ,9.69,9.78,9.64,9.7,9.71,-0.01,-0.103,15028.15,14579.139
20180920,002536.SZ,9.72,9.74,9.5,9.51,9.7,-0.19,-1.9588,14409.0,13821.915
20180921,002536.SZ,9.52,9.63,9.46,9.6,9.51,0.09,0.9464,10246.08,9798.081
20180925,002536.SZ,9.58,9.64,9.49,9.58,9.6,-0.02,-0.2083,9850.0,9402.475
20180926,002536.SZ,9.58,9.85,9.53,9.81,9.58,0.23,2.4008,27590.92,26810.759
20180927,002536.SZ,9.75,10.08,9.72,10.08,9.81,0.27,2.7523,35540.81,35222.939
20180928,002536.SZ,10.05,10.21,9.95,10.2,10.08,0.12,1.1905,26604.75,26855.179
20181008,002536.SZ,10.06,10.06,9.72,9.76,10.2,-0.44,-4.3137,17457.58,17277.495
20181009,002536.SZ,9.71,10.12,9.71,9.97,9.76,0.21,2.1516,10157.27,10096.754
20181010,002536.SZ,9.96,10.07,9.84,9.98,9.97,0.01,0.1003,7551.76,7504.269
20181011,002536.SZ,9.62,10.0,9.26,9.5,9.98,-0.48,-4.8096,22910.47,22073.745
20181012,002536.SZ,9.31,9.86,9.31,9.7,9.5,0.2,2.1053,15324.17,14746.437
20181015,002536.SZ,9.71,9.87,9.64,9.68,9.7,-0.02,-0.2062,10664.62,10386.843
20181016,002536.SZ,9.63,9.75,9.4,9.55,9.68,-0.13,-1.343,8475.48,8148.95
20181017,002536.SZ,9.68,9.7,9.39,9.47,9.55,-0.08,-0.8377,11385.52,10832.906
20181018,002536.SZ,9.44,9.44,9.0,9.08,9.47,-0.39,-4.1183,17097.22,15630.149
20181019,002536.SZ,9.1,9.3,8.9,9.29,9.08,0.21,2.3128,21092.65,19282.639
20181022,002536.SZ,9.29,10.02,9.29,9.79,9.29,0.5,5.3821,66053.22,63553.251
20181023,002536.SZ,9.78,10.49,9.64,10.15,9.79,0.36,3.6772,83938.44,84429.539
20181024,002536.SZ,9.99,10.39,9.85,10.13,10.15,-0.02,-0.197,64654.27,65615.777
20181025,002536.SZ,9.9,10.33,9.71,10.33,10.13,0.2,1.9743,40002.53,40392.398
20181026,002536.SZ,10.4,10.5,10.19,10.3,10.33,-0.03,-0.2904,42351.0,43676.979
20181029,002536.SZ,10.27,10.28,9.98,9.98,10.3,-0.32,-3.1068,21179.74,21291.152
