trade_date,ts_code,open,high,low,close,pre_close,change,pct_change,vol,amount
20110225,002551.SZ,59.0,62.5,58.8,60.01,46.0,14.01,30.46,146038.21,879973.9763
20110228,002551.SZ,58.0,59.8,56.6,58.16,60.01,-1.85,-3.08,69632.77,405449.8952
20110301,002551.SZ,58.6,58.98,56.2,56.37,58.16,-1.79,-3.08,38528.74,222206.5009
20110302,002551.SZ,55.5,56.5,53.3,53.87,56.37,-2.5,-4.44,34694.97,188265.8174
20110303,002551.SZ,53.88,54.49,53.3,53.66,53.87,-0.21,-0.39,21255.2,114378.7788
20110304,002551.SZ,53.5,54.84,52.0,54.5,53.66,0.84,1.57,16085.57,86223.3629
20110307,002551.SZ,54.5,56.74,54.3,56.26,54.5,1.76,3.23,25791.99,143841.2511
20110308,002551.SZ,56.02,57.24,55.21,56.34,56.26,0.08,0.14,16015.99,90527.3777
20110309,002551.SZ,56.3,58.72,55.83,57.78,56.34,1.44,2.56,16711.77,96214.492
20110310,002551.SZ,58.05,61.49,57.7,58.97,57.78,1.19,2.06,24124.91,144805.0722
20110311,002551.SZ,58.69,61.31,58.58,59.76,58.97,0.79,1.34,15340.41,92413.8883
20110314,002551.SZ,59.78,61.5,59.18,60.16,59.76,0.4,0.67,7921.78,47789.8243
20110315,002551.SZ,60.09,61.99,59.2,61.0,60.16,0.84,1.4,18781.31,114449.4578
20110316,002551.SZ,61.3,62.45,60.2,62.39,61.0,1.39,2.28,8770.72,53652.6394
20110317,002551.SZ,61.81,66.6,61.6,64.28,62.39,1.89,3.03,13072.12,83940.161
20110318,002551.SZ,64.99,69.11,64.5,69.11,64.28,4.83,7.51,13081.41,88591.3952
20110321,002551.SZ,69.78,70.97,66.55,68.78,69.11,-0.33,-0.48,12214.78,83689.387
20110322,002551.SZ,68.5,69.68,66.0,68.09,68.78,-0.69,-1.0,7581.62,51666.0735
20110323,002551.SZ,67.88,69.48,66.66,68.9,68.09,0.81,1.19,8731.56,59127.9779
20110324,002551.SZ,68.9,70.3,68.33,69.2,68.9,0.3,0.44,9002.26,62137.1273
20110325,002551.SZ,69.21,69.9,66.09,67.48,69.2,-1.72,-2.49,13828.43,93232.7925
20110328,002551.SZ,67.06,68.3,66.5,67.13,67.48,-0.35,-0.52,7912.61,53197.5628
20110329,002551.SZ,67.13,67.38,62.68,63.25,67.13,-3.88,-5.78,11893.52,76469.1536
20110330,002551.SZ,62.81,63.52,61.31,61.31,63.25,-1.94,-3.07,4543.67,28229.0833
20110331,002551.SZ,61.66,63.2,60.18,60.89,61.31,-0.42,-0.69,6264.37,38612.1614
20110401,002551.SZ,61.73,65.65,61.4,65.1,60.89,4.21,6.91,8746.45,55029.6619
20110406,002551.SZ,64.35,65.28,60.5,62.0,65.1,-3.1,-4.76,6031.4,37659.6175
20110407,002551.SZ,61.61,65.3,61.23,64.4,62.0,2.4,3.87,4725.48,30066.7031
20110408,002551.SZ,63.8,66.24,63.8,65.19,64.4,0.79,1.23,3749.52,24428.1221
20110411,002551.SZ,64.61,65.52,63.17,63.21,65.19,-1.98,-3.04,3326.98,21264.3915
20110412,002551.SZ,62.62,63.19,61.0,62.46,63.21,-0.75,-1.19,3608.66,22349.0206
20110413,002551.SZ,61.98,63.98,61.98,63.41,62.46,0.95,1.52,2153.75,13585.0388
20110414,002551.SZ,63.2,63.48,61.53,62.3,63.41,-1.11,-1.75,2311.03,14393.6198
20110415,002551.SZ,62.0,63.4,60.81,61.6,62.3,-0.7,-1.12,3975.25,24496.8548
20110418,002551.SZ,61.4,62.46,61.2,62.01,61.6,0.41,0.67,3076.64,19043.3804
20110419,002551.SZ,61.48,62.45,61.48,61.85,62.01,-0.16,-0.26,1727.32,10700.9639
20110420,002551.SZ,61.85,62.53,61.5,62.39,61.85,0.54,0.87,1387.21,8594.8288
20110421,002551.SZ,62.59,63.58,61.9,62.78,62.39,0.39,0.63,1911.36,11968.3849
20110422,002551.SZ,62.68,65.97,62.67,64.6,62.78,1.82,2.9,3882.22,25215.0429
20110425,002551.SZ,62.3,63.9,60.8,62.55,64.6,-2.05,-3.17,3577.03,22255.7512
20110426,002551.SZ,60.3,60.5,56.3,56.3,62.55,-6.25,-9.99,13765.93,79276.5303
20110427,002551.SZ,56.28,56.3,51.37,54.0,56.3,-2.3,-4.09,26781.65,142128.3824
20110428,002551.SZ,53.0,53.4,51.2,51.33,54.0,-2.67,-4.94,9367.03,48579.2907
20110429,002551.SZ,51.03,51.3,47.7,48.49,51.33,-2.84,-5.53,21997.61,107757.2394
20110503,002551.SZ,48.05,48.48,46.72,48.41,48.49,-0.08,-0.17,17550.85,83697.7614
20110504,002551.SZ,49.0,49.07,47.01,47.41,48.41,-1.0,-2.07,11684.28,56125.1484
20110505,002551.SZ,46.9,47.74,46.6,47.0,47.41,-0.41,-0.86,7840.9,37038.9826
20110506,002551.SZ,47.01,47.6,46.9,47.3,47.0,0.3,0.64,8577.45,40505.0765
20110509,002551.SZ,47.3,48.76,47.16,48.1,47.3,0.8,1.69,7932.21,38218.3893
20110510,002551.SZ,48.5,49.46,48.12,48.99,48.1,0.89,1.85,10941.13,53416.2943
20110511,002551.SZ,49.1,49.22,47.19,48.05,48.99,-0.94,-1.92,9642.08,46117.4199
20110512,002551.SZ,47.52,48.55,47.5,47.73,48.05,-0.32,-0.67,4834.61,23259.3005
20110513,002551.SZ,48.29,48.33,47.2,47.72,47.73,-0.01,-0.02,4891.29,23294.8441
20110517,002551.SZ,47.72,48.74,47.17,48.35,47.72,0.63,1.32,5581.51,26710.7365
20110518,002551.SZ,48.36,48.78,47.45,47.65,48.35,-0.7,-1.45,5613.01,26892.5294
20110519,002551.SZ,47.65,47.99,47.39,47.5,47.65,-0.15,-0.31,3444.89,16370.0542
20110520,002551.SZ,47.5,47.58,44.4,44.46,47.5,-3.04,-6.4,11839.72,53653.9728
20110523,002551.SZ,44.01,44.4,41.92,42.17,44.46,-2.29,-5.15,5790.87,24727.1997
20110524,002551.SZ,41.9,43.05,41.3,42.79,42.17,0.62,1.47,5466.63,23069.32
20110525,002551.SZ,42.33,44.8,42.33,43.96,42.79,1.17,2.73,8925.86,39353.438
20110526,002551.SZ,43.99,44.48,42.34,42.6,43.96,-1.36,-3.09,5670.8,24417.7362
20110527,002551.SZ,42.4,42.59,41.55,42.0,42.6,-0.6,-1.41,2468.35,10352.4078
20110530,002551.SZ,41.77,43.2,41.51,42.33,42.0,0.33,0.79,2599.95,11038.3445
20110531,002551.SZ,42.0,43.63,42.0,43.55,42.33,1.22,2.88,2157.29,9245.0141
20110601,002551.SZ,43.58,44.06,43.01,43.59,43.55,0.04,0.09,2005.34,8762.7576
20110602,002551.SZ,43.0,43.0,41.58,42.15,43.59,-1.44,-3.3,1713.57,7214.9043
20110603,002551.SZ,41.7,43.0,41.7,42.5,42.15,0.35,0.83,4898.88,20805.3571
20110607,002551.SZ,42.49,43.58,42.3,43.1,42.5,0.6,1.41,6259.11,26929.1395
20110608,002551.SZ,43.2,43.2,41.82,42.43,43.1,-0.67,-1.55,4048.15,17114.092
20110609,002551.SZ,42.38,42.38,39.92,39.92,42.43,-2.51,-5.92,9488.67,38650.4073
20110610,002551.SZ,39.9,39.96,38.5,39.03,39.92,-0.89,-2.23,5629.06,21987.6231
20110613,002551.SZ,39.66,39.66,38.5,39.45,39.03,0.42,1.08,2276.29,8920.2501
20110614,002551.SZ,38.98,40.2,38.98,39.95,39.45,0.5,1.27,3181.31,12656.5007
20110615,002551.SZ,39.77,40.19,39.55,39.7,39.95,-0.25,-0.63,4854.31,19380.3361
20110616,002551.SZ,39.6,40.23,39.06,39.32,39.7,-0.38,-0.96,3195.97,12756.9466
20110617,002551.SZ,39.34,40.15,39.34,39.77,39.32,0.45,1.14,2445.4,9757.4448
20110620,002551.SZ,39.6,40.0,39.52,39.7,39.77,-0.07,-0.18,3704.6,14710.2711
20110621,002551.SZ,39.7,39.98,39.31,39.85,39.7,0.15,0.38,2997.75,11905.8591
20110622,002551.SZ,39.95,41.34,39.85,41.1,39.85,1.25,3.14,5662.12,23145.908
20110623,002551.SZ,41.07,41.6,40.01,41.38,41.1,0.28,0.68,5425.48,22240.4338
20110624,002551.SZ,27.47,28.8,27.2,28.17,27.45,0.72,2.62,11239.72,31569.6589
20110627,002551.SZ,28.2,28.99,28.0,28.42,28.17,0.25,0.89,9131.73,26044.9604
20110628,002551.SZ,28.42,29.87,28.41,29.25,28.42,0.83,2.92,14934.75,43745.8312
20110629,002551.SZ,29.36,29.36,28.38,28.4,29.25,-0.85,-2.91,8735.76,25109.4822
20110630,002551.SZ,28.53,28.89,28.06,28.72,28.4,0.32,1.13,9006.78,25776.6042
20110701,002551.SZ,28.9,29.38,28.59,29.09,28.72,0.37,1.29,8069.87,23430.1084
20110704,002551.SZ,29.32,31.25,29.24,31.25,29.09,2.16,7.43,22101.84,67541.123
20110705,002551.SZ,31.26,32.5,30.99,31.9,31.25,0.65,2.08,25492.21,81048.633
20110706,002551.SZ,31.78,32.35,31.5,32.19,31.9,0.29,0.91,14383.43,46093.0677
20110707,002551.SZ,32.18,32.5,31.68,31.91,32.19,-0.28,-0.87,15222.16,48822.747
20110708,002551.SZ,32.2,32.2,31.01,31.22,31.91,-0.69,-2.16,12190.51,38470.5782
20110711,002551.SZ,31.48,31.79,31.05,31.73,31.22,0.51,1.63,12174.91,38221.8344
20110712,002551.SZ,31.55,31.78,30.8,30.9,31.73,-0.83,-2.62,12533.66,39130.9169
20110713,002551.SZ,31.15,31.55,30.8,31.4,30.9,0.5,1.62,11341.5,35432.5965
20110714,002551.SZ,31.54,32.28,31.2,31.98,31.4,0.58,1.85,20794.8,66065.3326
20110715,002551.SZ,31.95,33.58,31.51,33.33,31.98,1.35,4.22,24238.24,78654.6397
20110718,002551.SZ,33.39,34.68,32.87,33.1,33.33,-0.23,-0.69,23268.18,78178.9721
20110719,002551.SZ,33.0,33.0,31.91,32.25,33.1,-0.85,-2.57,11399.62,36905.0456
20110720,002551.SZ,33.11,33.24,32.0,32.62,32.25,0.37,1.15,20117.32,65591.4779
20110721,002551.SZ,31.95,33.15,31.13,32.8,32.62,0.18,0.55,31665.25,101802.8307
20110722,002551.SZ,32.61,32.8,32.07,32.14,32.8,-0.66,-2.01,16074.46,51981.1573
20110725,002551.SZ,32.15,32.2,30.5,30.75,32.14,-1.39,-4.32,17181.44,53734.8363
20110726,002551.SZ,30.5,30.68,29.68,29.88,30.75,-0.87,-2.83,11074.86,33325.3691
20110727,002551.SZ,29.86,30.53,29.62,30.47,29.88,0.59,1.97,13120.3,39706.7235
20110728,002551.SZ,30.27,31.32,30.19,30.9,30.47,0.43,1.41,12964.75,40090.5735
20110801,002551.SZ,30.66,31.71,30.52,31.6,30.9,0.7,2.27,13442.15,42103.9457
20110802,002551.SZ,31.57,32.18,30.8,32.18,31.6,0.58,1.84,13266.25,41805.6444
20110803,002551.SZ,31.97,32.75,31.35,32.02,32.18,-0.16,-0.5,13713.15,44045.5675
20110804,002551.SZ,32.02,32.35,31.1,31.11,32.02,-0.91,-2.84,11837.75,37399.3166
20110805,002551.SZ,29.6,30.48,29.0,30.0,31.11,-1.11,-3.57,14440.55,43257.7869
20110808,002551.SZ,29.67,30.31,27.5,28.08,30.0,-1.92,-6.4,15032.79,43157.5469
20110809,002551.SZ,27.4,28.35,26.0,28.19,28.08,0.11,0.39,12172.21,33320.0564
20110810,002551.SZ,28.25,29.4,28.25,28.96,28.19,0.77,2.73,10706.17,31094.3787
20110811,002551.SZ,28.21,29.35,28.0,29.3,28.96,0.34,1.17,10102.26,29307.2413
20110812,002551.SZ,29.52,30.38,29.5,29.8,29.3,0.5,1.71,12635.4,37908.3058
20110815,002551.SZ,29.82,31.09,29.7,30.89,29.8,1.09,3.66,13741.6,42130.0957
20110816,002551.SZ,30.98,31.09,30.35,30.43,30.89,-0.46,-1.49,7724.37,23639.9513
20110817,002551.SZ,30.42,31.54,30.26,30.99,30.43,0.56,1.84,13619.41,42101.5268
20110818,002551.SZ,30.98,31.97,30.79,31.06,30.99,0.07,0.23,19657.81,61971.7474
20110819,002551.SZ,31.09,32.38,31.09,31.75,31.06,0.69,2.22,34978.09,111354.3618
20110822,002551.SZ,31.18,31.69,30.56,30.66,31.75,-1.09,-3.43,19014.77,58732.9995
20110823,002551.SZ,30.75,31.5,30.54,31.37,30.66,0.71,2.32,14176.73,44049.0647
20110824,002551.SZ,31.5,32.66,31.38,32.14,31.37,0.77,2.45,24592.25,79201.5059
20110825,002551.SZ,32.21,32.44,31.61,32.29,32.14,0.15,0.47,16681.22,53546.3092
20110826,002551.SZ,32.29,33.49,32.25,33.0,32.29,0.71,2.2,26965.09,89253.5644
20110829,002551.SZ,32.78,33.79,32.52,32.64,33.0,-0.36,-1.09,15669.52,51866.0004
20110830,002551.SZ,33.6,33.85,32.07,32.13,32.64,-0.51,-1.56,14359.18,47420.3836
20110831,002551.SZ,32.09,32.45,31.1,31.4,32.13,-0.73,-2.27,12312.36,38772.7434
20110901,002551.SZ,31.5,31.83,31.0,31.15,31.4,-0.25,-0.8,8909.97,27918.2707
20110902,002551.SZ,31.15,31.36,30.4,30.92,31.15,-0.23,-0.74,6275.93,19287.5173
20110905,002551.SZ,30.15,30.49,29.1,29.44,30.92,-1.48,-4.79,7407.71,22090.0148
20110906,002551.SZ,28.9,29.39,28.7,29.02,29.44,-0.42,-1.43,5411.47,15694.0678
20110907,002551.SZ,29.25,30.38,29.2,30.34,29.02,1.32,4.55,6936.91,20561.5739
20110908,002551.SZ,30.33,30.59,29.61,29.63,30.34,-0.71,-2.34,8583.83,25818.9753
20110909,002551.SZ,29.61,29.96,28.98,29.08,29.63,-0.55,-1.86,4719.28,13835.7961
20110913,002551.SZ,28.3,29.18,28.28,29.17,29.08,0.09,0.31,3411.82,9782.98
20110914,002551.SZ,29.2,29.38,28.52,29.21,29.17,0.04,0.14,3952.5,11459.9511
20110915,002551.SZ,29.25,29.9,29.25,29.47,29.21,0.26,0.89,5610.83,16642.438
20110916,002551.SZ,29.89,29.93,29.0,29.04,29.47,-0.43,-1.46,3934.66,11545.0363
20110919,002551.SZ,28.79,28.88,27.85,27.85,29.04,-1.19,-4.1,4481.65,12632.9938
20110920,002551.SZ,27.85,28.36,27.57,28.1,27.85,0.25,0.9,2714.21,7611.0739
20110921,002551.SZ,27.9,29.1,27.63,29.1,28.1,1.0,3.56,5968.36,17079.2368
20110922,002551.SZ,28.8,28.99,28.0,28.03,29.1,-1.07,-3.68,4115.88,11713.2466
20110923,002551.SZ,27.6,28.11,27.22,27.75,28.03,-0.28,-1.0,4101.51,11359.9127
20110926,002551.SZ,27.77,28.1,27.41,27.56,27.75,-0.19,-0.68,4012.02,11106.8525
20110927,002551.SZ,27.78,28.25,27.42,27.61,27.56,0.05,0.18,3094.09,8594.1187
20110928,002551.SZ,27.98,28.05,27.13,27.16,27.61,-0.45,-1.63,2438.54,6733.4183
20110929,002551.SZ,27.1,27.1,25.9,25.97,27.16,-1.19,-4.38,5503.24,14417.054
20110930,002551.SZ,25.97,26.51,25.53,25.61,25.97,-0.36,-1.39,2401.87,6186.2265
20111010,002551.SZ,25.62,25.99,25.42,25.68,25.61,0.07,0.27,2202.84,5645.0283
20111011,002551.SZ,26.4,26.65,25.2,25.35,25.68,-0.33,-1.29,4850.48,12555.9041
20111012,002551.SZ,25.2,26.26,25.0,26.16,25.35,0.81,3.2,4480.07,11608.8866
20111013,002551.SZ,26.17,26.99,26.04,26.63,26.16,0.47,1.8,5249.48,13949.8653
20111014,002551.SZ,26.64,26.65,26.0,26.23,26.63,-0.4,-1.5,3196.44,8399.7049
20111017,002551.SZ,26.26,26.59,26.1,26.45,26.23,0.22,0.84,5332.68,14039.4781
20111018,002551.SZ,26.39,26.39,25.25,25.39,26.45,-1.06,-4.01,4894.67,12642.4722
20111019,002551.SZ,25.59,25.59,24.08,24.15,25.39,-1.24,-4.88,7147.09,17605.4697
20111020,002551.SZ,23.8,23.95,23.0,23.2,24.15,-0.95,-3.93,5422.41,12689.0429
20111021,002551.SZ,23.43,23.49,22.81,22.83,23.2,-0.37,-1.59,2761.73,6388.468
20111024,002551.SZ,22.97,23.2,22.28,23.12,22.83,0.29,1.27,5094.49,11618.9938
20111025,002551.SZ,22.86,24.12,22.77,24.04,23.12,0.92,3.98,7157.61,17034.7475
20111026,002551.SZ,24.04,24.69,23.84,24.33,24.04,0.29,1.21,8073.28,19696.5709
20111027,002551.SZ,24.7,24.7,24.16,24.18,24.33,-0.15,-0.62,4560.06,11106.1259
20111028,002551.SZ,24.7,25.99,24.35,25.71,24.18,1.53,6.33,12073.07,30245.3217
20111031,002551.SZ,25.56,26.13,25.26,25.86,25.71,0.15,0.58,9362.41,24080.6139
20111101,002551.SZ,25.59,25.78,25.25,25.38,25.86,-0.48,-1.86,6825.23,17422.1553
20111103,002551.SZ,26.42,26.97,25.91,25.93,25.38,0.55,2.17,14941.72,39480.1413
20111104,002551.SZ,26.1,26.33,25.67,25.8,25.93,-0.13,-0.5,8412.07,21876.6034
20111107,002551.SZ,25.74,26.21,25.53,25.6,25.8,-0.2,-0.78,4769.15,12306.1556
20111108,002551.SZ,25.45,25.88,25.32,25.45,25.6,-0.15,-0.59,4479.9,11497.5983
20111109,002551.SZ,25.62,26.8,25.47,26.74,25.45,1.29,5.07,10356.59,27205.8454
20111110,002551.SZ,26.5,29.0,26.21,28.02,26.74,1.28,4.79,20647.49,56816.4948
20111111,002551.SZ,27.87,29.19,27.5,27.81,28.02,-0.21,-0.75,22131.33,62754.1483
20111114,002551.SZ,27.85,28.84,27.85,28.54,27.81,0.73,2.63,13272.31,37493.8413
20111115,002551.SZ,28.4,29.2,28.35,28.9,28.54,0.36,1.26,14897.63,42973.5335
20111116,002551.SZ,28.92,29.58,27.4,28.2,28.9,-0.7,-2.42,13914.19,39854.5894
20111117,002551.SZ,28.2,28.69,27.4,27.92,28.2,-0.28,-0.99,9521.05,26622.6027
20111118,002551.SZ,27.56,27.8,26.83,27.18,27.92,-0.74,-2.65,7494.84,20425.3563
20111121,002551.SZ,27.07,27.34,26.4,26.93,27.18,-0.25,-0.92,4792.0,12856.3335
20111122,002551.SZ,26.78,27.2,26.45,27.1,26.93,0.17,0.63,3655.65,9814.4756
20111123,002551.SZ,27.08,27.51,27.08,27.35,27.1,0.25,0.92,5774.44,15793.8098
20111124,002551.SZ,27.1,28.25,26.7,28.25,27.35,0.9,3.29,8631.12,23918.5027
20111125,002551.SZ,28.13,29.38,27.8,27.81,28.25,-0.44,-1.56,13501.51,38641.2427
20111128,002551.SZ,27.45,29.5,26.8,29.18,27.81,1.37,4.93,18298.87,51259.9049
20111129,002551.SZ,29.08,29.46,28.67,29.26,29.18,0.08,0.27,14051.16,40854.0233
20111130,002551.SZ,29.35,29.35,26.98,27.22,29.26,-2.04,-6.97,13189.52,37144.9191
20111201,002551.SZ,28.1,28.68,27.72,27.84,27.22,0.62,2.28,20882.01,58925.6408
20111202,002551.SZ,27.5,27.51,25.56,26.24,27.84,-1.6,-5.75,15836.28,41747.8939
20111205,002551.SZ,26.05,26.2,24.77,24.8,26.24,-1.44,-5.49,7612.76,19207.9967
20111206,002551.SZ,24.68,25.8,24.28,25.38,24.8,0.58,2.34,4699.15,11833.1824
20111207,002551.SZ,25.16,25.55,25.04,25.29,25.38,-0.09,-0.35,2524.22,6385.1525
20111208,002551.SZ,25.16,25.79,24.56,25.05,25.29,-0.24,-0.95,4097.19,10314.2628
20111209,002551.SZ,25.05,25.32,24.61,24.94,25.05,-0.11,-0.44,1993.79,4973.159
20111212,002551.SZ,24.9,25.13,24.56,24.8,24.94,-0.14,-0.56,1510.96,3734.7934
20111213,002551.SZ,24.56,24.7,23.38,23.5,24.8,-1.3,-5.24,5942.04,14081.433
20111214,002551.SZ,24.4,25.48,23.92,24.23,23.5,0.73,3.11,9960.76,24483.6739
20111215,002551.SZ,23.84,25.2,23.58,24.5,24.23,0.27,1.11,8620.83,21060.0766
20111216,002551.SZ,24.25,25.2,24.0,25.2,24.5,0.7,2.86,7761.51,19105.5356
20111219,002551.SZ,24.8,25.25,24.3,24.98,25.2,-0.22,-0.87,10674.3,26567.9262
20111220,002551.SZ,24.98,25.38,24.61,24.65,24.98,-0.33,-1.32,5437.12,13576.1693
20111221,002551.SZ,24.72,25.11,23.5,23.54,24.65,-1.11,-4.5,6611.78,16011.7488
20111222,002551.SZ,23.3,23.38,22.29,22.73,23.54,-0.81,-3.44,5185.8,11840.574
20111223,002551.SZ,22.96,23.28,22.63,22.95,22.73,0.22,0.97,2648.23,6084.0732
20111226,002551.SZ,22.9,23.14,22.28,22.48,22.95,-0.47,-2.05,4140.24,9466.6628
20111227,002551.SZ,22.28,22.7,21.28,21.33,22.48,-1.15,-5.12,4984.82,10826.8134
20111228,002551.SZ,21.5,21.5,20.17,20.52,21.33,-0.81,-3.8,5198.9,10715.6856
20111229,002551.SZ,20.7,21.16,20.3,20.75,20.52,0.23,1.12,2722.78,5670.094
20111230,002551.SZ,21.48,21.53,20.86,21.19,20.75,0.44,2.12,2556.29,5423.3538
20120104,002551.SZ,21.4,21.51,20.27,20.27,21.19,-0.92,-4.34,3213.03,6722.9681
20120105,002551.SZ,22.29,22.29,19.37,19.4,20.27,-0.87,-4.29,9674.16,19894.6618
20120106,002551.SZ,19.14,19.14,17.9,18.33,19.4,-1.07,-5.52,11598.38,21282.4717
20120109,002551.SZ,18.3,19.08,17.53,19.08,18.33,0.75,4.09,17100.22,31772.8542
20120110,002551.SZ,18.95,20.43,18.8,20.21,19.08,1.13,5.92,24694.03,48463.7634
20120111,002551.SZ,20.22,20.67,19.99,20.0,20.21,-0.21,-1.04,16092.25,32550.2158
20120112,002551.SZ,19.81,20.33,19.64,19.93,20.0,-0.07,-0.35,7950.54,15908.0654
20120113,002551.SZ,19.91,20.08,18.42,18.42,19.93,-1.51,-7.58,12473.64,23630.2897
20120116,002551.SZ,18.1,18.4,17.2,17.2,18.42,-1.22,-6.62,7667.9,13612.1081
20120117,002551.SZ,17.1,18.35,17.1,18.34,17.2,1.14,6.63,10356.33,18376.9617
20120118,002551.SZ,18.35,18.65,17.41,17.48,18.34,-0.86,-4.69,9330.92,16858.3118
20120119,002551.SZ,17.39,19.1,17.3,18.83,17.48,1.35,7.72,14463.59,26916.8219
20120120,002551.SZ,18.9,19.18,18.47,18.86,18.83,0.03,0.16,9114.93,17079.2788
20120130,002551.SZ,18.86,19.26,18.71,18.93,18.86,0.07,0.37,8717.66,16580.3123
20120131,002551.SZ,18.95,19.09,18.55,18.81,18.93,-0.12,-0.63,4679.46,8813.3242
20120201,002551.SZ,18.77,19.04,18.55,18.62,18.81,-0.19,-1.01,4004.34,7518.5766
20120203,002551.SZ,18.88,19.3,18.88,19.22,18.62,0.6,3.22,9007.82,17239.8877
20120206,002551.SZ,19.2,19.9,19.11,19.85,19.22,0.63,3.28,11339.47,22256.3033
20120207,002551.SZ,19.61,19.74,19.01,19.23,19.85,-0.62,-3.12,7902.34,15262.291
20120208,002551.SZ,19.26,19.73,19.12,19.68,19.23,0.45,2.34,10422.58,20285.4415
20120209,002551.SZ,19.55,20.4,19.41,20.31,19.68,0.63,3.2,17610.39,35378.6945
20120210,002551.SZ,20.1,20.3,19.91,20.16,20.31,-0.15,-0.74,9259.0,18591.8791
20120213,002551.SZ,20.99,21.94,20.47,20.93,20.16,0.77,3.82,19601.09,41456.9324
20120214,002551.SZ,20.75,21.68,20.65,21.33,20.93,0.4,1.91,14598.57,31046.6843
20120215,002551.SZ,21.29,21.62,21.02,21.53,21.33,0.2,0.94,10762.43,22979.1472
20120216,002551.SZ,21.59,21.93,21.22,21.61,21.53,0.08,0.37,11450.62,24781.2077
20120217,002551.SZ,21.7,21.7,20.73,21.1,21.61,-0.51,-2.36,9237.5,19605.412
20120220,002551.SZ,21.47,21.68,21.23,21.32,21.1,0.22,1.04,9675.26,20774.8306
20120221,002551.SZ,21.45,21.99,21.22,21.81,21.32,0.49,2.3,11701.12,25383.567
20120222,002551.SZ,21.81,22.5,21.65,22.49,21.81,0.68,3.12,13687.62,30346.7847
20120223,002551.SZ,22.65,22.65,21.95,22.27,22.49,-0.22,-0.98,12889.79,28678.683
20120224,002551.SZ,22.27,22.55,21.72,22.31,22.27,0.04,0.18,17390.62,38356.7663
20120227,002551.SZ,22.13,22.7,22.0,22.0,22.31,-0.31,-1.39,13805.14,30878.6741
20120228,002551.SZ,21.61,21.79,20.97,21.18,22.0,-0.82,-3.73,34915.58,74157.0994
20120229,002551.SZ,20.99,21.18,20.56,20.89,21.18,-0.29,-1.37,29538.43,61645.4707
20120301,002551.SZ,20.79,20.96,20.28,20.35,20.89,-0.54,-2.59,36505.78,74926.3977
20120302,002551.SZ,20.4,22.18,20.3,22.15,20.35,1.8,8.85,68587.39,144326.0979
20120305,002551.SZ,21.99,23.45,21.86,23.1,22.15,0.95,4.29,82952.4,189303.036
20120306,002551.SZ,22.9,23.38,22.69,23.3,23.1,0.2,0.87,57764.22,133076.7549
20120307,002551.SZ,23.31,24.15,22.33,22.8,23.3,-0.5,-2.15,72225.47,166825.9122
20120308,002551.SZ,22.83,23.45,22.4,23.27,22.8,0.47,2.06,39046.63,89572.1798
20120309,002551.SZ,23.45,23.55,22.83,23.03,23.27,-0.24,-1.03,36609.02,84921.5086
20120312,002551.SZ,23.08,23.24,22.7,22.95,23.03,-0.08,-0.35,28039.86,64172.0643
20120313,002551.SZ,22.96,23.38,22.85,23.31,22.95,0.36,1.57,23914.25,55312.8129
20120314,002551.SZ,24.05,25.44,23.82,24.5,23.31,1.19,5.11,101522.81,247825.3661
20120315,002551.SZ,24.0,26.7,23.21,26.27,24.5,1.77,7.22,77846.15,194188.5505
20120316,002551.SZ,26.0,26.68,25.55,26.25,26.27,-0.02,-0.08,55704.48,145419.1775
20120319,002551.SZ,26.3,27.0,25.85,25.95,26.25,-0.3,-1.14,42875.6,113190.1187
20120320,002551.SZ,25.8,25.81,24.4,24.62,25.95,-1.33,-5.13,35758.33,89881.0417
20120321,002551.SZ,24.7,25.16,24.15,25.02,24.62,0.4,1.62,23149.12,57266.7727
20120322,002551.SZ,24.94,25.06,24.25,24.37,25.02,-0.65,-2.6,16888.23,41506.9452
20120323,002551.SZ,24.41,24.76,23.64,23.9,24.37,-0.47,-1.93,17411.14,42269.6237
20120326,002551.SZ,24.09,25.54,24.09,25.44,23.9,1.54,6.44,46040.63,114893.3424
20120406,002551.SZ,27.88,27.88,26.15,26.58,25.44,1.14,4.48,72850.38,195067.2381
20120409,002551.SZ,26.06,26.38,25.5,25.58,26.58,-1.0,-3.76,38480.33,99514.8733
20120410,002551.SZ,25.2,25.78,24.55,25.6,25.58,0.02,0.08,26380.37,66573.7244
20120411,002551.SZ,25.13,26.0,25.12,25.53,25.6,-0.07,-0.27,24503.44,62741.3647
20120412,002551.SZ,25.8,25.9,24.91,25.75,25.53,0.22,0.86,22150.24,56513.6317
20120413,002551.SZ,25.9,25.91,25.25,25.6,25.75,-0.15,-0.58,21810.25,55668.4753
20120416,002551.SZ,25.64,27.39,25.46,27.23,25.6,1.63,6.37,34518.86,91946.6897
20120417,002551.SZ,26.85,27.18,26.6,26.66,27.23,-0.57,-2.09,17969.14,48202.4048
20120418,002551.SZ,26.61,27.11,26.38,26.95,26.66,0.29,1.09,18335.23,49184.9739
20120419,002551.SZ,26.61,27.08,26.3,26.52,26.95,-0.43,-1.6,16606.87,44250.5282
20120420,002551.SZ,26.9,27.89,26.83,27.21,26.52,0.69,2.6,26669.55,73266.708
20120423,002551.SZ,26.96,27.6,26.51,26.83,27.21,-0.38,-1.4,14295.67,38468.8566
20120424,002551.SZ,26.5,26.88,24.85,25.95,26.83,-0.88,-3.28,27396.01,70633.2569
20120425,002551.SZ,25.55,25.88,24.88,25.5,25.95,-0.45,-1.73,16673.58,42371.881
20120426,002551.SZ,25.5,25.78,25.3,25.45,25.5,-0.05,-0.2,10483.53,26727.2215
20120427,002551.SZ,25.45,25.78,25.15,25.41,25.45,-0.04,-0.16,8084.62,20614.4116
20120502,002551.SZ,25.84,25.95,25.4,25.65,25.41,0.24,0.94,11956.25,30660.4693
20120503,002551.SZ,25.66,26.48,25.5,26.41,25.65,0.76,2.96,15723.51,41221.5627
20120504,002551.SZ,26.4,26.65,26.2,26.38,26.41,-0.03,-0.11,13234.87,34989.2616
20120507,002551.SZ,26.27,26.43,25.5,25.75,26.38,-0.63,-2.39,13712.91,35239.136
20120508,002551.SZ,25.52,25.75,25.05,25.19,25.75,-0.56,-2.17,12799.66,32530.3855
20120509,002551.SZ,25.09,25.49,24.8,25.26,25.19,0.07,0.28,9854.37,24754.9555
20120510,002551.SZ,25.27,26.49,25.01,25.37,25.26,0.11,0.44,17784.78,45893.6532
20120511,002551.SZ,25.29,25.29,24.7,24.8,25.37,-0.57,-2.25,12343.69,30703.5592
20120514,002551.SZ,24.97,25.1,24.6,24.72,24.8,-0.08,-0.32,9563.38,23753.9058
20120515,002551.SZ,25.0,25.75,24.71,24.95,24.72,0.23,0.93,13868.08,34798.563
20120516,002551.SZ,24.73,24.86,24.2,24.7,24.95,-0.25,-1.0,7735.32,19035.6512
20120517,002551.SZ,24.64,25.18,24.6,25.0,24.7,0.3,1.21,7574.46,18882.1926
20120521,002551.SZ,24.8,24.8,24.01,24.3,25.0,-0.7,-2.8,8615.62,20920.0786
20120522,002551.SZ,24.46,24.89,24.25,24.72,24.3,0.42,1.73,5710.13,14052.5899
20120523,002551.SZ,24.66,24.93,24.18,24.51,24.72,-0.21,-0.85,5855.52,14362.5624
20120524,002551.SZ,24.63,24.69,23.69,23.9,24.51,-0.61,-2.49,10776.05,25957.1627
20120525,002551.SZ,23.9,23.97,23.01,23.16,23.9,-0.74,-3.1,9988.5,23349.4796
20120528,002551.SZ,23.0,23.49,22.81,23.37,23.16,0.21,0.91,5434.64,12576.6971
20120529,002551.SZ,23.4,23.77,23.19,23.75,23.37,0.38,1.63,8419.51,19844.0078
20120530,002551.SZ,23.75,24.4,23.75,24.1,23.75,0.35,1.47,8068.68,19393.4813
20120531,002551.SZ,24.01,24.38,23.81,24.08,24.1,-0.02,-0.08,6589.92,15886.7613
20120601,002551.SZ,24.22,24.35,23.98,24.01,24.08,-0.07,-0.29,5491.68,13255.5208
20120604,002551.SZ,23.3,23.59,22.99,22.99,24.01,-1.02,-4.25,10498.56,24488.8466
20120605,002551.SZ,22.9,23.3,22.73,22.76,22.99,-0.23,-1.0,7554.74,17283.254
20120606,002551.SZ,22.98,22.98,22.68,22.75,22.76,-0.01,-0.04,5346.39,12190.021
20120607,002551.SZ,22.88,23.07,22.3,22.31,22.75,-0.44,-1.93,4210.33,9545.9219
20120608,002551.SZ,22.66,22.66,22.06,22.12,22.31,-0.19,-0.85,6346.92,14193.4536
20120611,002551.SZ,22.12,22.56,22.05,22.56,22.12,0.44,1.99,5536.32,12398.4328
20120612,002551.SZ,22.53,23.56,22.4,23.39,22.56,0.83,3.68,9753.84,22621.1509
20120613,002551.SZ,23.39,23.92,23.32,23.84,23.39,0.45,1.92,10172.31,24104.2697
20120614,002551.SZ,23.75,24.48,23.5,23.96,23.84,0.12,0.5,11197.12,26911.4481
20120615,002551.SZ,24.0,24.28,23.6,23.91,23.96,-0.05,-0.21,5315.7,12729.0548
20120618,002551.SZ,24.15,24.34,23.85,24.12,23.91,0.21,0.88,6068.24,14634.3629
20120619,002551.SZ,24.0,24.38,23.65,24.14,24.12,0.02,0.08,9188.59,22094.0477
20120620,002551.SZ,24.25,24.27,23.59,23.82,24.14,-0.32,-1.33,6241.49,14866.1505
20120621,002551.SZ,23.89,24.48,23.83,24.28,23.82,0.46,1.93,11148.48,26901.3905
20120625,002551.SZ,24.05,24.63,24.03,24.1,24.28,-0.18,-0.74,11853.46,28911.2759
20120626,002551.SZ,24.16,24.16,23.03,23.38,24.1,-0.72,-2.99,7042.91,16501.2708
20120627,002551.SZ,23.31,23.98,23.22,23.49,23.38,0.11,0.47,5579.95,13197.8773
20120628,002551.SZ,23.5,24.18,23.5,23.72,23.49,0.23,0.98,7724.16,18423.2627
20120629,002551.SZ,15.68,15.75,14.8,15.42,15.68,-0.26,-1.66,11796.92,18069.5972
20120702,002551.SZ,15.51,16.26,15.43,16.24,15.42,0.82,5.32,19526.59,31087.1247
20120703,002551.SZ,16.24,16.56,16.0,16.04,16.24,-0.2,-1.23,21490.4,34928.6965
20120704,002551.SZ,16.04,16.4,16.0,16.07,16.04,0.03,0.19,9287.13,15020.0812
20120705,002551.SZ,16.88,17.66,16.5,16.71,16.07,0.64,3.98,49493.38,83880.6192
20120706,002551.SZ,16.5,17.1,16.38,17.07,16.71,0.36,2.15,37006.4,62364.5676
20120709,002551.SZ,17.07,17.07,16.4,16.4,17.07,-0.67,-3.93,23343.22,39092.9025
20120710,002551.SZ,16.0,16.25,15.61,15.71,16.4,-0.69,-4.21,17859.03,28403.7528
20120711,002551.SZ,15.5,15.98,15.5,15.92,15.71,0.21,1.34,7524.79,11878.2117
20120712,002551.SZ,15.88,16.58,15.73,16.39,15.92,0.47,2.95,16280.39,26405.6914
20120713,002551.SZ,16.28,16.69,16.22,16.56,16.39,0.17,1.04,15542.19,25624.069
20120716,002551.SZ,16.43,17.15,16.05,16.1,16.56,-0.46,-2.78,30523.9,50998.532
20120717,002551.SZ,16.59,17.32,16.55,16.99,16.1,0.89,5.53,39893.52,67792.1013
20120718,002551.SZ,16.76,17.17,16.18,17.0,16.99,0.01,0.06,31936.71,53553.4779
20120719,002551.SZ,16.88,17.12,16.55,16.95,17.0,-0.05,-0.29,27205.31,45875.2902
20120720,002551.SZ,16.8,17.43,16.66,17.06,16.95,0.11,0.65,21754.79,37320.8268
20120723,002551.SZ,17.01,17.59,16.85,16.9,17.06,-0.16,-0.94,28917.63,49783.8382
20120724,002551.SZ,16.6,16.91,16.5,16.8,16.9,-0.1,-0.59,17101.73,28510.3661
20120725,002551.SZ,17.62,18.48,17.62,18.48,16.8,1.68,10.0,42841.98,78326.995
20120726,002551.SZ,19.51,20.28,19.15,19.7,18.48,1.22,6.6,159026.81,312701.1665
20120727,002551.SZ,19.7,19.7,18.49,18.69,19.7,-1.01,-5.13,73559.0,139379.8591
20120730,002551.SZ,18.65,19.29,18.03,18.82,18.69,0.13,0.7,57693.64,108220.5331
20120731,002551.SZ,18.52,18.7,17.86,17.87,18.82,-0.95,-5.05,39751.09,72370.2299
20120801,002551.SZ,18.22,18.7,18.0,18.18,17.87,0.31,1.73,34639.45,63726.2653
20120802,002551.SZ,18.46,19.88,18.46,19.27,18.18,1.09,6.0,61743.8,118286.9653
20120803,002551.SZ,18.96,21.2,18.73,21.2,19.27,1.93,10.02,90335.69,183729.3074
20120806,002551.SZ,21.21,21.9,20.75,21.61,21.2,0.41,1.93,91912.58,196336.0622
20120807,002551.SZ,21.33,21.67,20.91,21.6,21.61,-0.01,-0.05,63835.51,135950.0597
20120808,002551.SZ,21.4,21.6,20.33,20.76,21.6,-0.84,-3.89,53124.39,111387.6961
20120809,002551.SZ,20.63,21.35,20.45,21.1,20.76,0.34,1.64,39356.94,82579.454
20120810,002551.SZ,22.04,23.15,21.39,21.48,21.1,0.38,1.8,90539.75,199868.5743
20120813,002551.SZ,21.0,21.65,20.52,21.19,21.48,-0.29,-1.35,42789.11,90534.0322
20120814,002551.SZ,21.5,22.44,21.31,21.86,21.19,0.67,3.16,62438.34,136721.6158
20120815,002551.SZ,21.66,21.73,20.5,20.53,21.86,-1.33,-6.08,63146.2,132311.3822
20120816,002551.SZ,20.06,20.52,19.7,19.85,20.53,-0.68,-3.31,39567.83,79119.1991
20120817,002551.SZ,19.87,20.28,19.85,20.25,19.85,0.4,2.02,21176.54,42578.8812
20120820,002551.SZ,20.25,20.58,19.85,20.32,20.25,0.07,0.35,24685.0,49956.6192
20120821,002551.SZ,20.12,21.5,19.95,21.29,20.32,0.97,4.77,40191.63,83387.826
20120822,002551.SZ,21.18,21.86,21.08,21.25,21.29,-0.04,-0.19,39669.15,85239.2929
20120823,002551.SZ,20.56,21.6,20.56,20.92,21.25,-0.33,-1.55,33028.05,69784.4326
20120824,002551.SZ,20.93,21.65,20.55,20.65,20.92,-0.27,-1.29,33005.64,69401.1983
20120827,002551.SZ,20.08,20.48,18.92,19.07,20.65,-1.58,-7.65,33260.2,65573.5075
20120828,002551.SZ,18.88,19.45,18.64,18.64,19.07,-0.43,-2.25,33344.99,63455.185
20120829,002551.SZ,18.51,19.47,18.51,19.15,18.64,0.51,2.74,27100.02,51833.5323
20120830,002551.SZ,19.02,19.59,18.01,18.93,19.15,-0.22,-1.15,27152.13,51433.1896
20120831,002551.SZ,18.81,19.18,18.71,18.87,18.93,-0.06,-0.32,10426.83,19768.8456
20120903,002551.SZ,18.85,19.49,18.6,19.46,18.87,0.59,3.13,17972.02,34618.7696
20120904,002551.SZ,19.53,19.8,19.19,19.67,19.46,0.21,1.08,25268.52,49424.2323
20120905,002551.SZ,19.46,19.7,19.29,19.57,19.67,-0.1,-0.51,14037.4,27411.5284
20120906,002551.SZ,19.41,19.85,19.3,19.56,19.57,-0.01,-0.05,14622.25,28501.3712
20120907,002551.SZ,19.65,20.33,19.45,20.14,19.56,0.58,2.97,29778.48,59595.8469
20120910,002551.SZ,20.19,20.3,19.9,20.23,20.14,0.09,0.45,22800.53,45741.1869
20120911,002551.SZ,20.21,20.75,19.97,20.46,20.23,0.23,1.14,27237.77,55739.4711
20120912,002551.SZ,20.35,20.69,20.17,20.41,20.46,-0.05,-0.24,13574.13,27678.5445
20120913,002551.SZ,20.39,20.65,19.83,19.83,20.41,-0.58,-2.84,16267.61,32984.3378
20120914,002551.SZ,20.1,20.12,19.11,19.35,19.83,-0.48,-2.42,18771.29,36629.7185
20120917,002551.SZ,19.43,19.43,18.87,19.14,19.35,-0.21,-1.09,11852.53,22555.5906
20120918,002551.SZ,18.88,19.35,18.75,19.1,19.14,-0.04,-0.21,8135.99,15530.8769
20120919,002551.SZ,19.08,19.39,18.91,19.26,19.1,0.16,0.84,7934.86,15257.154
20120920,002551.SZ,19.16,19.24,18.12,18.58,19.26,-0.68,-3.53,15284.81,28532.7253
20120921,002551.SZ,18.34,18.57,17.35,17.63,18.58,-0.95,-5.11,19348.53,34554.4862
20120924,002551.SZ,17.64,19.18,17.64,18.48,17.63,0.85,4.82,16255.89,29615.4904
20120925,002551.SZ,18.29,18.85,18.2,18.55,18.48,0.07,0.38,9109.8,16977.2954
20120926,002551.SZ,18.56,18.63,17.83,18.0,18.55,-0.55,-2.97,12135.59,21971.8776
20120927,002551.SZ,17.81,18.53,17.81,18.48,18.0,0.48,2.67,10397.93,18978.3123
20120928,002551.SZ,18.25,19.17,18.25,19.03,18.48,0.55,2.98,14973.84,28275.9243
20121008,002551.SZ,18.88,19.3,18.56,19.08,19.03,0.05,0.26,11575.04,21875.1251
20121009,002551.SZ,19.08,19.48,19.02,19.47,19.08,0.39,2.04,16920.35,32738.2799
20121010,002551.SZ,19.41,19.67,19.21,19.48,19.47,0.01,0.05,14697.47,28528.6998
20121011,002551.SZ,19.48,19.7,19.02,19.02,19.48,-0.46,-2.36,16518.84,32155.0377
20121012,002551.SZ,19.22,19.42,18.64,19.23,19.02,0.21,1.1,12028.44,22966.4611
20121015,002551.SZ,19.48,20.05,19.3,19.54,19.23,0.31,1.61,25750.61,50575.1817
20121016,002551.SZ,19.61,19.89,19.0,19.61,19.54,0.07,0.36,18541.41,36232.6952
20121017,002551.SZ,20.5,20.9,19.91,19.91,19.61,0.3,1.53,36361.57,73859.7712
20121018,002551.SZ,19.8,20.37,19.62,20.3,19.91,0.39,1.96,23133.07,46438.2563
20121019,002551.SZ,20.3,20.31,19.9,19.95,20.3,-0.35,-1.72,14330.32,28859.2412
20121022,002551.SZ,19.65,20.66,19.65,20.66,19.95,0.71,3.56,22714.02,46243.1015
20121023,002551.SZ,20.65,20.95,20.46,20.5,20.66,-0.16,-0.77,25322.7,52519.2996
20121024,002551.SZ,20.33,20.43,19.9,20.01,20.5,-0.49,-2.39,16303.69,32818.4064
20121025,002551.SZ,19.93,20.05,19.56,19.68,20.01,-0.33,-1.65,10825.15,21459.5798
20121026,002551.SZ,19.66,19.97,19.11,19.15,19.68,-0.53,-2.69,13509.09,26223.6232
20121029,002551.SZ,19.2,19.38,19.01,19.18,19.15,0.03,0.16,7233.25,13887.9487
20121030,002551.SZ,19.18,19.58,19.14,19.37,19.18,0.19,0.99,9768.75,18928.4841
20121031,002551.SZ,19.37,20.1,19.28,20.0,19.37,0.63,3.25,16501.6,32699.7311
20121101,002551.SZ,20.2,20.3,19.95,20.13,20.0,0.13,0.65,13593.9,27394.9229
20121102,002551.SZ,20.13,20.36,19.91,20.25,20.13,0.12,0.6,10703.24,21584.0443
20121105,002551.SZ,20.2,20.2,19.66,19.88,20.25,-0.37,-1.83,14716.68,29274.4288
20121106,002551.SZ,19.62,20.16,19.62,19.98,19.88,0.1,0.5,9324.28,18540.3395
20121107,002551.SZ,19.91,20.18,19.83,19.88,19.98,-0.1,-0.5,7825.16,15660.7487
20121108,002551.SZ,19.75,19.76,17.89,18.3,19.88,-1.58,-7.95,64587.0,118640.7348
20121109,002551.SZ,18.3,18.38,17.9,18.31,18.3,0.01,0.05,24328.97,44291.0861
20121112,002551.SZ,18.25,18.25,17.45,17.7,18.31,-0.61,-3.33,22699.34,40420.5927
20121113,002551.SZ,17.61,17.88,17.26,17.45,17.7,-0.25,-1.41,14175.94,24851.8594
20121114,002551.SZ,17.31,17.8,17.31,17.7,17.45,0.25,1.43,8134.74,14308.6969
20121115,002551.SZ,18.06,18.76,18.04,18.07,17.7,0.37,2.09,40501.6,74413.3342
20121116,002551.SZ,17.92,18.3,17.63,18.1,18.07,0.03,0.17,17412.51,31204.8594
20121119,002551.SZ,17.92,18.17,17.64,17.88,18.1,-0.22,-1.22,11782.24,21063.7276
20121120,002551.SZ,17.88,18.15,17.78,17.9,17.88,0.02,0.11,8487.31,15244.1188
20121121,002551.SZ,17.81,18.12,17.58,18.03,17.9,0.13,0.73,10560.48,18842.1294
20121122,002551.SZ,18.0,18.0,17.6,17.84,18.03,-0.19,-1.05,6120.57,10860.4616
20121123,002551.SZ,17.62,17.95,17.62,17.8,17.84,-0.04,-0.22,5919.72,10524.8562
20121126,002551.SZ,17.8,17.85,16.96,17.54,17.8,-0.26,-1.46,14840.22,25727.5283
20121127,002551.SZ,17.3,17.5,16.85,17.5,17.54,-0.04,-0.23,8780.89,14985.4763
20121128,002551.SZ,17.3,17.3,16.75,17.0,17.5,-0.5,-2.86,10085.38,17047.3085
20121129,002551.SZ,16.96,17.06,16.75,17.0,17.0,0.0,0.0,7718.11,13063.4413
20121130,002551.SZ,16.72,17.23,16.7,17.18,17.0,0.18,1.06,4627.15,7859.9157
20121203,002551.SZ,17.11,17.17,16.46,16.59,17.18,-0.59,-3.43,6313.4,10557.0495
20121204,002551.SZ,16.35,16.72,16.03,16.67,16.59,0.08,0.48,5390.89,8843.3269
20121205,002551.SZ,16.6,17.38,16.56,17.29,16.67,0.62,3.72,14190.99,24400.9277
20121206,002551.SZ,17.2,17.51,17.15,17.28,17.29,-0.01,-0.06,8297.31,14398.875
20121207,002551.SZ,17.23,17.95,16.88,17.79,17.28,0.51,2.95,18503.47,32614.469
20121210,002551.SZ,17.78,18.18,17.61,18.14,17.79,0.35,1.97,13395.82,24048.6469
20121211,002551.SZ,17.96,18.18,17.76,17.83,18.14,-0.31,-1.71,9195.96,16515.3162
20121212,002551.SZ,17.74,17.95,17.49,17.9,17.83,0.07,0.39,8806.15,15629.5403
20121213,002551.SZ,17.61,17.88,17.55,17.65,17.9,-0.25,-1.4,11254.83,19933.9483
20121214,002551.SZ,17.65,18.4,17.55,18.35,17.65,0.7,3.97,20482.11,37154.473
20121217,002551.SZ,18.26,18.36,18.01,18.1,18.35,-0.25,-1.36,13459.35,24447.3193
20121218,002551.SZ,18.0,18.35,17.9,17.95,18.1,-0.15,-0.83,8982.48,16266.9494
20121219,002551.SZ,18.0,18.29,17.81,18.02,17.95,0.07,0.39,7472.32,13469.7542
20121220,002551.SZ,17.89,17.9,17.3,17.67,18.02,-0.35,-1.94,16160.52,28387.2085
20121221,002551.SZ,17.68,17.89,17.39,17.78,17.67,0.11,0.62,16609.74,29215.1431
20121224,002551.SZ,17.63,18.45,17.62,18.25,17.78,0.47,2.64,19510.05,35356.8123
20121225,002551.SZ,18.17,18.99,18.1,18.76,18.25,0.51,2.79,25206.96,46800.4384
20121226,002551.SZ,18.75,19.42,18.61,19.19,18.76,0.43,2.29,30688.36,58292.0763
20121227,002551.SZ,19.08,19.29,18.6,18.63,19.19,-0.56,-2.92,20823.63,39298.2606
20121228,002551.SZ,18.55,18.97,18.34,18.91,18.63,0.28,1.5,17264.82,32193.953
20121231,002551.SZ,18.96,20.0,18.96,19.77,18.91,0.86,4.55,35169.56,69404.461
20130104,002551.SZ,19.9,20.11,19.55,19.73,19.77,-0.04,-0.2,28073.68,55718.248
20130107,002551.SZ,19.75,20.01,19.65,19.74,19.73,0.01,0.05,18755.91,37124.1541
20130108,002551.SZ,19.64,20.17,19.45,19.87,19.74,0.13,0.66,31061.11,61520.6086
20130109,002551.SZ,19.9,20.46,19.8,19.98,19.87,0.11,0.55,25386.63,51112.2236
20130110,002551.SZ,19.9,20.14,19.56,19.79,19.98,-0.19,-0.95,17548.14,34747.4517
20130111,002551.SZ,20.08,20.3,19.6,19.66,19.79,-0.13,-0.66,21871.99,43760.9499
20130114,002551.SZ,19.58,20.46,19.54,20.3,19.66,0.64,3.26,29427.69,59397.7273
20130115,002551.SZ,20.34,20.91,20.28,20.31,20.3,0.01,0.05,26094.3,53303.3116
20130116,002551.SZ,20.31,20.93,20.25,20.8,20.31,0.49,2.41,31563.59,65220.585
20130117,002551.SZ,20.75,20.82,20.24,20.28,20.8,-0.52,-2.5,19974.87,40918.107
20130118,002551.SZ,20.08,20.5,19.95,20.36,20.28,0.08,0.39,22865.06,46195.2812
20130121,002551.SZ,20.11,20.73,20.11,20.47,20.36,0.11,0.54,15855.81,32454.725
20130122,002551.SZ,20.52,20.52,19.68,19.7,20.47,-0.77,-3.76,23112.71,46133.9631
20130123,002551.SZ,19.52,19.88,19.27,19.56,19.7,-0.14,-0.71,14028.8,27392.9071
20130124,002551.SZ,19.65,19.9,18.9,18.91,19.56,-0.65,-3.32,18079.28,35107.6752
20130125,002551.SZ,18.9,19.55,18.75,19.38,18.91,0.47,2.49,15974.74,30747.1191
20130128,002551.SZ,19.26,20.66,19.26,20.54,19.38,1.16,5.99,33225.16,67106.3818
20130129,002551.SZ,20.56,20.83,20.3,20.7,20.54,0.16,0.78,27862.56,57391.0257
20130130,002551.SZ,20.63,20.8,20.1,20.41,20.7,-0.29,-1.4,13209.64,26876.9063
20130131,002551.SZ,20.25,20.46,19.77,19.98,20.41,-0.43,-2.11,14820.47,29579.1285
20130201,002551.SZ,20.09,20.34,19.92,20.02,19.98,0.04,0.2,10581.19,21288.2229
20130204,002551.SZ,20.0,20.18,19.38,19.66,20.02,-0.36,-1.8,12620.07,24803.314
20130205,002551.SZ,19.46,19.91,19.44,19.89,19.66,0.23,1.17,7567.99,14919.437
20130206,002551.SZ,19.92,20.26,19.7,19.9,19.89,0.01,0.05,10409.71,20796.3045
20130207,002551.SZ,19.9,20.54,19.65,20.49,19.9,0.59,2.96,15831.42,31996.7737
20130208,002551.SZ,20.32,21.38,20.2,21.19,20.49,0.7,3.42,33532.86,69824.3651
20130218,002551.SZ,21.2,22.65,20.75,21.97,21.19,0.78,3.68,54631.92,118948.6659
20130219,002551.SZ,21.89,22.53,21.4,21.98,21.97,0.01,0.05,35148.08,77466.0654
20130220,002551.SZ,21.98,22.74,21.76,22.13,21.98,0.15,0.68,25315.16,56126.0029
20130221,002551.SZ,22.16,22.99,21.53,21.91,22.13,-0.22,-0.99,31975.18,71203.155
20130222,002551.SZ,21.75,22.5,21.68,22.04,21.91,0.13,0.59,24990.81,55161.9096
20130225,002551.SZ,21.83,22.45,21.0,22.25,22.04,0.21,0.95,17101.64,37728.9286
20130226,002551.SZ,22.0,22.79,21.83,22.18,22.25,-0.07,-0.31,25622.23,57611.725
20130227,002551.SZ,22.04,23.5,22.04,23.4,22.18,1.22,5.5,42423.9,97167.9292
20130228,002551.SZ,23.55,23.88,22.79,23.56,23.4,0.16,0.68,38165.0,89136.4649
20130301,002551.SZ,23.4,24.95,23.21,24.75,23.56,1.19,5.05,35583.41,86141.2417
20130304,002551.SZ,24.5,25.98,24.02,24.56,24.75,-0.19,-0.77,43653.29,109150.7855
20130305,002551.SZ,24.56,25.5,24.56,25.41,24.56,0.85,3.46,31510.23,79456.7498
20130306,002551.SZ,25.35,25.99,24.8,25.89,25.41,0.48,1.89,47854.71,122346.3386
20130307,002551.SZ,25.8,25.8,24.52,25.03,25.89,-0.86,-3.32,28344.68,71260.1622
20130308,002551.SZ,25.03,25.27,24.19,24.29,25.03,-0.74,-2.96,24158.83,59339.7797
20130311,002551.SZ,24.2,24.76,24.16,24.29,24.29,0.0,0.0,11523.58,28173.6195
20130312,002551.SZ,24.29,24.95,23.42,23.78,24.29,-0.51,-2.1,21349.18,51387.2978
20130313,002551.SZ,23.78,24.4,23.36,24.33,23.78,0.55,2.31,13996.71,33579.1432
20130314,002551.SZ,24.23,24.75,24.17,24.45,24.33,0.12,0.49,13656.37,33495.2793
20130315,002551.SZ,24.46,25.68,24.3,25.29,24.45,0.84,3.44,24287.92,61087.5851
20130318,002551.SZ,25.35,25.94,24.93,25.08,25.29,-0.21,-0.83,19800.41,50452.2032
20130319,002551.SZ,24.94,25.82,24.9,25.25,25.08,0.17,0.68,19182.87,48522.0111
20130320,002551.SZ,25.25,25.98,24.7,25.88,25.25,0.63,2.5,30053.37,76391.2881
20130321,002551.SZ,25.88,26.8,25.73,26.38,25.88,0.5,1.93,29565.04,77824.8397
20130322,002551.SZ,26.38,26.7,26.3,26.45,26.38,0.07,0.27,14240.96,37724.7143
20130325,002551.SZ,26.45,27.97,26.31,27.49,26.45,1.04,3.93,23266.04,63384.1687
20130326,002551.SZ,27.5,27.8,26.82,27.79,27.49,0.3,1.09,17403.94,47789.6332
20130327,002551.SZ,27.89,28.98,27.6,27.99,27.79,0.2,0.72,20270.14,57466.6289
20130328,002551.SZ,27.78,27.85,26.81,26.84,27.99,-1.15,-4.11,22752.29,62042.4085
20130329,002551.SZ,26.82,27.54,26.65,27.49,26.84,0.65,2.42,17834.84,48416.2948
20130401,002551.SZ,27.4,28.83,27.34,28.45,27.49,0.96,3.49,15749.8,44336.0066
20130402,002551.SZ,28.39,29.2,27.18,27.38,28.45,-1.07,-3.76,18581.09,52313.194
20130403,002551.SZ,27.33,27.33,26.08,26.35,27.38,-1.03,-3.76,19214.23,50840.6879
20130408,002551.SZ,26.18,27.38,26.0,26.95,26.35,0.6,2.28,18707.76,49944.2491
20130409,002551.SZ,26.92,27.39,26.3,26.4,26.95,-0.55,-2.04,16728.73,44792.0131
20130410,002551.SZ,26.12,26.55,25.26,25.39,26.4,-1.01,-3.83,21121.37,54608.0782
20130411,002551.SZ,25.58,26.19,25.2,26.0,25.39,0.61,2.4,14258.79,36553.0497
20130412,002551.SZ,26.0,26.29,25.57,25.95,26.0,-0.05,-0.19,8076.91,20991.7741
20130415,002551.SZ,25.88,25.9,25.2,25.36,25.95,-0.59,-2.27,8891.88,22592.7627
20130416,002551.SZ,25.1,26.2,25.01,26.19,25.36,0.83,3.27,11903.75,30528.412
20130417,002551.SZ,26.3,26.89,26.09,26.41,26.19,0.22,0.84,17511.09,46310.0946
20130418,002551.SZ,26.33,26.52,25.8,26.04,26.41,-0.37,-1.4,12313.87,32095.9492
20130419,002551.SZ,25.96,27.66,25.96,27.4,26.04,1.36,5.22,27023.99,73151.3429
20130422,002551.SZ,27.4,28.8,27.1,28.68,27.4,1.28,4.67,30388.54,85051.9177
20130423,002551.SZ,28.67,28.67,27.5,27.84,28.68,-0.84,-2.93,27526.15,77056.5434
20130424,002551.SZ,28.18,29.2,27.86,28.59,27.84,0.75,2.69,35455.1,101035.9035
20130425,002551.SZ,28.11,29.21,27.67,27.7,28.59,-0.89,-3.11,24788.75,70218.2271
20130426,002551.SZ,27.45,27.5,26.0,26.0,27.7,-1.7,-6.14,23739.78,63419.523
20130502,002551.SZ,25.9,26.68,25.5,26.0,26.0,0.0,0.0,12947.02,33883.0624
20130503,002551.SZ,26.5,27.95,26.22,27.8,26.0,1.8,6.92,30023.58,82329.869
20130506,002551.SZ,27.83,28.78,27.83,28.5,27.8,0.7,2.52,31487.94,89706.1485
20130507,002551.SZ,28.5,28.76,27.9,28.53,28.5,0.03,0.11,13920.69,39340.864
20130508,002551.SZ,28.52,29.08,28.18,28.6,28.53,0.07,0.25,17855.92,51001.3933
20130509,002551.SZ,28.6,29.7,28.42,29.23,28.6,0.63,2.2,30003.58,87309.5821
20130510,002551.SZ,29.17,29.17,27.88,28.38,29.23,-0.85,-2.91,22595.66,64285.214
20130513,002551.SZ,28.38,29.48,27.92,29.38,28.38,1.0,3.52,20411.88,58757.9688
20130514,002551.SZ,29.48,29.66,28.4,29.13,29.38,-0.25,-0.85,18065.34,52270.3246
20130515,002551.SZ,29.13,29.89,28.95,29.72,29.13,0.59,2.03,23171.3,68375.9927
20130516,002551.SZ,29.83,30.67,28.52,28.61,29.72,-1.11,-3.73,41698.49,123638.5241
20130517,002551.SZ,28.05,29.07,28.05,28.88,28.61,0.27,0.94,15566.49,44799.8127
20130520,002551.SZ,28.88,29.5,28.1,28.8,28.88,-0.08,-0.28,27619.01,79415.9175
20130521,002551.SZ,28.65,30.5,28.61,30.49,28.8,1.69,5.87,32069.71,94990.7647
20130522,002551.SZ,30.4,30.86,29.38,29.39,30.49,-1.1,-3.61,25207.99,75921.0425
20130523,002551.SZ,29.21,29.73,28.79,28.93,29.39,-0.46,-1.57,24751.38,72217.5662
20130524,002551.SZ,29.03,29.85,28.8,29.85,28.93,0.92,3.18,19544.87,57502.5278
20130527,002551.SZ,29.89,31.9,29.85,31.9,29.85,2.05,6.87,44132.91,136530.3354
20130528,002551.SZ,32.0,32.88,30.83,31.11,31.9,-0.79,-2.48,47339.48,151424.0983
20130529,002551.SZ,30.95,31.68,30.5,31.34,31.11,0.23,0.74,31008.54,96335.7798
20130530,002551.SZ,31.06,32.83,30.7,32.46,31.34,1.12,3.57,35346.39,113680.9898
20130531,002551.SZ,32.48,34.3,32.46,33.6,32.46,1.14,3.51,39037.01,130441.8818
20130603,002551.SZ,33.65,34.2,31.53,31.96,33.6,-1.64,-4.88,42087.8,137151.1162
20130604,002551.SZ,31.52,32.55,30.25,32.49,31.96,0.53,1.66,23480.9,73979.2893
20130605,002551.SZ,32.25,32.9,31.7,32.15,32.49,-0.34,-1.05,16999.69,54981.7971
20130606,002551.SZ,32.15,32.15,30.78,31.12,32.15,-1.03,-3.2,21418.17,66723.5904
20130607,002551.SZ,31.01,31.38,30.19,31.04,31.12,-0.08,-0.26,10996.45,33900.2999
20130613,002551.SZ,30.27,31.66,28.9,30.87,31.04,-0.17,-0.55,15076.78,45805.9972
20130614,002551.SZ,30.88,32.79,30.88,32.5,30.87,1.63,5.28,23999.06,76587.4932
20130617,002551.SZ,32.4,33.65,32.0,32.87,32.5,0.37,1.14,19288.03,63724.0002
20130618,002551.SZ,32.6,32.98,31.66,32.0,32.87,-0.87,-2.65,15886.44,51133.1247
20130619,002551.SZ,31.96,32.38,31.32,32.19,32.0,0.19,0.59,9644.53,30571.6776
20130620,002551.SZ,31.98,32.7,30.4,30.6,32.19,-1.59,-4.94,15179.12,48055.0614
20130621,002551.SZ,29.98,30.15,28.6,29.81,30.6,-0.79,-2.58,33331.25,97719.6851
20130624,002551.SZ,29.5,29.79,28.1,28.6,29.81,-1.21,-4.06,27543.44,79629.501
20130625,002551.SZ,28.5,29.29,26.07,29.02,28.6,0.42,1.47,28406.55,79126.6901
20130626,002551.SZ,28.73,30.66,28.72,30.64,29.02,1.62,5.58,27995.52,83292.2025
20130627,002551.SZ,30.89,30.97,27.58,27.82,30.64,-2.82,-9.2,49051.84,141577.3448
20130628,002551.SZ,27.78,27.98,26.5,27.26,27.82,-0.56,-2.01,31698.4,85884.5948
20130701,002551.SZ,27.33,28.25,27.3,28.1,27.26,0.84,3.08,21488.87,60107.3765
20130702,002551.SZ,28.07,30.0,28.07,29.66,28.1,1.56,5.55,22635.21,66149.7874
20130703,002551.SZ,29.91,32.58,29.9,32.33,29.66,2.67,9.0,42940.92,134046.0816
20130704,002551.SZ,32.0,33.9,31.66,33.08,32.33,0.75,2.32,68166.57,225419.5216
20130705,002551.SZ,21.58,22.87,21.58,22.85,21.92,0.93,4.24,55131.3,123064.1868
20130708,002551.SZ,22.22,23.5,21.9,22.78,22.85,-0.07,-0.31,47745.42,108672.4219
20130709,002551.SZ,22.7,22.99,21.55,22.59,22.78,-0.19,-0.83,29577.31,65832.5287
20130710,002551.SZ,22.6,22.89,22.3,22.86,22.59,0.27,1.2,22300.39,50496.3733
20130711,002551.SZ,22.8,23.45,22.55,23.04,22.86,0.18,0.79,40344.86,92600.0555
20130712,002551.SZ,23.05,24.5,22.73,24.38,23.04,1.34,5.82,80626.16,190098.2712
20131011,002551.SZ,21.95,26.82,21.94,26.82,24.38,2.44,10.01,176000.29,435787.084
20131014,002551.SZ,25.8,27.18,25.55,25.83,26.82,-0.99,-3.69,89072.3,233465.3272
20131015,002551.SZ,26.95,27.45,25.99,26.44,25.83,0.61,2.36,68701.25,183051.6943
20131016,002551.SZ,26.1,26.1,24.11,24.58,26.44,-1.86,-7.03,52199.55,130598.3352
20131017,002551.SZ,24.99,25.25,24.0,24.62,24.58,0.04,0.16,35615.76,87822.8911
20131018,002551.SZ,24.35,25.08,24.31,24.82,24.62,0.2,0.81,19490.09,48175.0885
20131021,002551.SZ,25.6,25.98,25.17,25.63,24.82,0.81,3.26,45843.8,117366.4459
20131022,002551.SZ,25.5,26.05,24.9,25.33,25.63,-0.3,-1.17,36661.26,93134.7619
20131023,002551.SZ,25.04,25.29,23.15,24.45,25.33,-0.88,-3.47,43180.97,104788.8725
20131024,002551.SZ,24.26,24.71,23.97,23.99,24.45,-0.46,-1.88,19383.04,47237.2274
20131025,002551.SZ,24.05,24.29,23.07,23.38,23.99,-0.61,-2.54,20041.15,47329.0703
20131028,002551.SZ,23.41,24.55,23.11,24.0,23.38,0.62,2.65,19233.94,45960.7206
20131029,002551.SZ,24.0,24.55,22.82,23.68,24.0,-0.32,-1.33,27929.49,66378.4321
20131030,002551.SZ,23.65,24.9,23.51,24.81,23.68,1.13,4.77,29466.54,72008.2121
20131031,002551.SZ,24.8,25.4,24.68,25.03,24.81,0.22,0.89,27768.89,69551.8919
20131101,002551.SZ,24.86,25.28,24.7,24.96,25.03,-0.07,-0.28,20979.84,52508.1873
20131104,002551.SZ,25.0,25.19,23.0,24.0,24.96,-0.96,-3.85,18928.57,46399.29
20131105,002551.SZ,23.98,24.26,23.5,24.1,24.0,0.1,0.42,16728.83,39882.3223
20131106,002551.SZ,24.25,24.37,23.66,23.66,24.1,-0.44,-1.83,14486.26,34800.134
20131107,002551.SZ,24.2,24.42,23.4,23.42,23.66,-0.24,-1.01,14744.46,35178.3071
20131108,002551.SZ,23.34,23.43,22.25,22.88,23.42,-0.54,-2.31,25106.22,57026.452
20131111,002551.SZ,22.86,23.43,21.88,23.12,22.88,0.24,1.05,14250.98,32551.448
20131112,002551.SZ,23.1,24.2,23.1,23.8,23.12,0.68,2.94,18066.26,42911.6708
20131113,002551.SZ,23.85,23.85,23.2,23.28,23.8,-0.52,-2.18,10558.55,24767.2569
20131114,002551.SZ,23.28,24.0,23.01,24.0,23.28,0.72,3.09,14315.95,33580.4539
20131115,002551.SZ,24.05,25.0,24.05,24.67,24.0,0.67,2.79,26466.72,64931.8064
20131118,002551.SZ,25.11,25.11,24.5,25.01,24.67,0.34,1.38,29043.14,72276.1258
20131119,002551.SZ,24.98,25.0,24.48,24.58,25.01,-0.43,-1.72,20085.46,49496.1186
20131120,002551.SZ,24.77,25.36,24.6,24.8,24.58,0.22,0.9,16269.9,40565.4282
20131121,002551.SZ,24.81,24.98,24.1,24.45,24.8,-0.35,-1.41,13421.87,32690.7271
20131122,002551.SZ,24.55,24.55,24.11,24.3,24.45,-0.15,-0.61,8301.23,20141.5008
20131125,002551.SZ,24.0,24.42,23.93,24.23,24.3,-0.07,-0.29,6448.67,15609.4471
20131126,002551.SZ,24.65,25.29,24.53,24.93,24.23,0.7,2.89,36978.01,92177.0324
20131127,002551.SZ,24.94,26.68,24.63,26.5,24.93,1.57,6.3,72501.21,189093.186
20131128,002551.SZ,26.5,27.38,26.22,27.03,26.5,0.53,2.0,40577.45,108887.9874
20131129,002551.SZ,27.0,27.44,26.58,26.91,27.03,-0.12,-0.44,23899.51,64359.3961
20131202,002551.SZ,25.4,26.86,24.7,25.55,26.91,-1.36,-5.05,32445.51,83432.8786
20131203,002551.SZ,24.8,26.44,24.8,26.38,25.55,0.83,3.25,18021.36,46449.3776
20131204,002551.SZ,26.44,29.02,26.06,28.6,26.38,2.22,8.42,52771.86,148342.8422
20131205,002551.SZ,28.55,29.0,26.9,27.48,28.6,-1.12,-3.92,38686.36,108337.4345
20131206,002551.SZ,27.01,27.45,26.8,27.3,27.48,-0.18,-0.66,16558.04,44821.6402
20131209,002551.SZ,27.4,27.86,26.99,27.77,27.3,0.47,1.72,13376.73,36604.5596
20131210,002551.SZ,27.56,28.29,27.15,27.58,27.77,-0.19,-0.68,16092.68,44530.8198
20131211,002551.SZ,27.35,27.54,26.3,26.57,27.58,-1.01,-3.66,20326.52,54343.0198
20131212,002551.SZ,26.2,26.97,26.2,26.69,26.57,0.12,0.45,8808.11,23545.0636
20131213,002551.SZ,26.64,27.01,26.3,26.99,26.69,0.3,1.12,14153.82,37901.6445
20131216,002551.SZ,26.9,27.02,26.26,26.36,26.99,-0.63,-2.33,9835.08,26076.4592
20131217,002551.SZ,26.38,26.59,25.7,26.41,26.36,0.05,0.19,11427.43,29937.5432
20131218,002551.SZ,26.3,27.95,26.3,27.48,26.41,1.07,4.05,19544.05,53333.81
20131219,002551.SZ,27.59,27.72,27.07,27.22,27.48,-0.26,-0.95,10759.64,29409.2942
20131220,002551.SZ,27.22,27.35,25.92,26.8,27.22,-0.42,-1.54,14133.74,37657.5805
20131223,002551.SZ,26.28,27.8,26.11,27.62,26.8,0.82,3.06,21969.25,60060.3842
20131224,002551.SZ,27.62,28.0,27.31,27.84,27.62,0.22,0.8,16750.11,46332.9891
20131225,002551.SZ,27.8,29.0,27.52,28.93,27.84,1.09,3.92,38099.52,108658.0905
20131226,002551.SZ,28.8,29.28,28.25,28.58,28.93,-0.35,-1.21,20774.23,59537.914
20131227,002551.SZ,28.58,29.71,28.41,29.65,28.58,1.07,3.74,23369.19,68430.8883
20131230,002551.SZ,29.8,30.39,29.24,29.87,29.65,0.22,0.74,16306.95,48630.1419
20131231,002551.SZ,29.38,30.29,29.0,30.2,29.87,0.33,1.1,19783.12,58741.3126
20140102,002551.SZ,30.15,31.39,29.58,31.04,30.2,0.84,2.78,22232.65,68563.8387
20140103,002551.SZ,31.05,31.17,30.26,30.28,31.04,-0.76,-2.45,18860.6,57590.0905
20140106,002551.SZ,30.03,30.03,28.8,29.08,30.28,-1.2,-3.96,16107.79,47370.0309
20140107,002551.SZ,29.03,29.76,28.56,29.67,29.08,0.59,2.03,13209.63,38733.3289
20140108,002551.SZ,29.75,31.2,29.75,31.12,29.67,1.45,4.89,26268.93,80825.2374
20140109,002551.SZ,31.13,31.74,30.15,30.56,31.12,-0.56,-1.8,21904.93,68031.4439
20140110,002551.SZ,30.2,31.19,30.05,30.6,30.56,0.04,0.13,14511.64,44298.7701
20140113,002551.SZ,30.3,30.95,30.0,30.2,30.6,-0.4,-1.31,7544.8,22835.4393
20140114,002551.SZ,30.69,30.69,29.4,30.29,30.2,0.09,0.3,18736.22,56406.7496
20140115,002551.SZ,30.29,31.09,29.85,30.67,30.29,0.38,1.25,23708.98,72189.5592
20140116,002551.SZ,30.67,31.11,30.35,30.92,30.67,0.25,0.82,15475.77,47535.4909
20140117,002551.SZ,30.7,30.96,30.08,30.2,30.92,-0.72,-2.33,8996.53,27359.0117
20140120,002551.SZ,30.18,30.49,29.95,30.4,30.2,0.2,0.66,14152.31,42713.7114
20140121,002551.SZ,30.39,31.78,30.21,31.75,30.4,1.35,4.44,22701.55,71237.8677
20140122,002551.SZ,31.91,33.85,31.58,33.55,31.75,1.8,5.67,36851.06,121934.7431
20140123,002551.SZ,33.6,34.4,33.1,33.56,33.55,0.01,0.03,24425.01,82892.557
20140124,002551.SZ,33.56,35.48,33.43,34.69,33.56,1.13,3.37,17341.07,60038.5319
20140127,002551.SZ,34.67,36.62,34.0,36.1,34.69,1.41,4.06,20322.07,72845.7448
20140128,002551.SZ,36.5,37.45,35.1,35.23,36.1,-0.87,-2.41,14436.95,51324.0895
20140129,002551.SZ,35.24,36.1,34.0,35.99,35.23,0.76,2.16,15599.97,54588.7579
20140130,002551.SZ,35.91,35.99,35.0,35.62,35.99,-0.37,-1.03,6953.76,24632.3834
20140207,002551.SZ,35.13,37.02,35.03,36.78,35.62,1.16,3.26,11440.77,41232.1259
20140210,002551.SZ,36.78,39.13,36.3,38.78,36.78,2.0,5.44,19601.97,74582.0349
20140211,002551.SZ,38.41,39.38,37.79,38.44,38.78,-0.34,-0.88,12412.31,47978.7085
20140212,002551.SZ,38.79,38.8,37.49,37.7,38.44,-0.74,-1.93,15485.98,58614.9662
20140213,002551.SZ,37.59,37.83,34.75,35.35,37.7,-2.35,-6.23,30190.12,108053.9843
20140214,002551.SZ,35.15,36.31,34.5,35.85,35.35,0.5,1.41,21206.89,75434.0009
20140217,002551.SZ,35.85,37.99,34.13,37.88,35.85,2.03,5.66,23584.03,87632.2473
20140218,002551.SZ,37.88,39.2,36.2,38.7,37.88,0.82,2.16,23253.29,89736.6122
20140219,002551.SZ,38.72,39.49,37.61,39.01,38.7,0.31,0.8,18219.23,70202.3468
20140220,002551.SZ,38.58,39.0,37.2,37.8,39.01,-1.21,-3.1,17257.42,65187.4488
20140221,002551.SZ,37.3,38.1,36.47,37.72,37.8,-0.08,-0.21,14475.58,54374.584
20140224,002551.SZ,37.71,41.47,37.0,40.41,37.72,2.69,7.13,41570.92,163332.9351
20140225,002551.SZ,40.41,41.89,39.3,39.99,40.41,-0.42,-1.04,32678.09,133915.0294
20140226,002551.SZ,39.99,43.98,39.0,43.98,39.99,3.99,9.98,34053.5,143363.9296
20140227,002551.SZ,44.5,44.55,39.72,40.5,43.98,-3.48,-7.91,37570.09,157770.4067
20140228,002551.SZ,38.33,41.74,37.48,40.0,40.5,-0.5,-1.23,26045.71,103697.4156
20140303,002551.SZ,40.0,42.25,39.2,42.15,40.0,2.15,5.38,17769.33,73602.9168
20140304,002551.SZ,41.77,45.38,41.3,45.29,42.15,3.14,7.45,26768.05,118104.3577
20140305,002551.SZ,45.5,45.56,43.51,43.76,45.29,-1.53,-3.38,17653.92,78231.1896
20140306,002551.SZ,43.7,44.83,42.9,43.38,43.76,-0.38,-0.87,17342.28,76108.2756
20140307,002551.SZ,43.42,45.1,42.2,43.5,43.38,0.12,0.28,14717.27,64100.0625
20140310,002551.SZ,43.39,43.39,40.5,41.3,43.5,-2.2,-5.06,13622.31,56666.8212
20140311,002551.SZ,41.3,43.98,41.0,43.57,41.3,2.27,5.5,22257.99,94284.6987
20140312,002551.SZ,43.59,43.85,40.0,41.0,43.57,-2.57,-5.9,29201.54,122187.2305
20140313,002551.SZ,40.98,42.08,38.42,41.68,41.0,0.68,1.66,23087.59,93856.9368
20140314,002551.SZ,41.3,41.3,39.38,39.4,41.68,-2.28,-5.47,15604.92,62731.3574
20140317,002551.SZ,39.0,41.37,38.85,40.81,39.4,1.41,3.58,23144.11,94181.2277
20140318,002551.SZ,41.33,43.5,41.0,42.25,40.81,1.44,3.53,17836.22,75657.188
20140319,002551.SZ,42.85,43.9,42.0,43.64,42.25,1.39,3.29,16630.21,71649.0595
20140320,002551.SZ,43.88,45.65,43.2,45.26,43.64,1.62,3.71,29674.94,133202.2093
20140321,002551.SZ,44.26,44.89,40.79,42.66,45.26,-2.6,-5.74,47049.44,197666.8367
20140324,002551.SZ,41.79,42.0,39.6,40.88,42.66,-1.78,-4.17,27176.86,111255.0691
20140325,002551.SZ,40.8,40.8,37.52,38.88,40.88,-2.0,-4.89,36874.77,142717.8171
20140326,002551.SZ,39.38,40.25,37.77,40.14,38.88,1.26,3.24,43962.94,170720.9577
20140327,002551.SZ,39.19,40.17,39.17,39.6,40.14,-0.54,-1.35,18835.18,74650.7641
20140328,002551.SZ,39.67,39.67,37.16,37.5,39.6,-2.1,-5.3,17681.03,66870.67
20140331,002551.SZ,36.8,37.99,35.05,36.47,37.5,-1.03,-2.75,27652.33,100582.2204
20140401,002551.SZ,36.0,37.86,35.65,37.5,36.47,1.03,2.82,17175.73,63813.4412
20140402,002551.SZ,37.5,37.76,35.6,36.0,37.5,-1.5,-4.0,18922.51,68875.2331
20140403,002551.SZ,35.8,37.0,35.0,36.5,36.0,0.5,1.39,24430.69,87704.7141
20140404,002551.SZ,36.12,36.98,36.0,36.6,36.5,0.1,0.27,13368.31,48767.6239
20140408,002551.SZ,36.6,36.67,35.08,36.0,36.6,-0.6,-1.64,15884.88,56724.7056
20140409,002551.SZ,35.83,37.2,35.66,36.8,36.0,0.8,2.22,16907.06,61902.6003
20140410,002551.SZ,37.0,38.96,36.81,37.96,36.8,1.16,3.15,26953.86,102423.072
20140411,002551.SZ,37.03,37.8,37.03,37.57,37.96,-0.39,-1.03,12040.24,44975.5763
20140414,002551.SZ,37.16,38.3,37.02,38.05,37.57,0.48,1.28,9609.7,36430.0228
20140415,002551.SZ,38.05,38.05,36.95,37.2,38.05,-0.85,-2.23,9018.35,33635.722
20140416,002551.SZ,36.9,37.43,35.5,36.89,37.2,-0.31,-0.83,14591.83,52700.6204
20140417,002551.SZ,36.25,36.7,35.11,36.0,36.89,-0.89,-2.41,18465.67,66028.1026
20140418,002551.SZ,35.85,35.85,34.4,35.49,36.0,-0.51,-1.42,26341.1,92329.7188
20140421,002551.SZ,35.29,35.29,34.6,34.98,35.49,-0.51,-1.44,12263.46,42815.3722
20140422,002551.SZ,34.97,35.28,32.0,35.25,34.98,0.27,0.77,22491.85,76280.3384
20140423,002551.SZ,35.1,35.1,33.9,34.1,35.25,-1.15,-3.26,12584.62,43343.1208
20140424,002551.SZ,33.79,34.18,32.0,32.8,34.1,-1.3,-3.81,22860.87,74710.1225
20140425,002551.SZ,32.28,32.84,32.2,32.54,32.8,-0.26,-0.79,8879.24,28864.3677
20140428,002551.SZ,32.38,32.38,29.29,29.6,32.54,-2.94,-9.04,41480.53,123662.277
20140429,002551.SZ,29.6,29.82,29.12,29.44,29.6,-0.16,-0.54,14172.76,41751.5724
20140430,002551.SZ,29.43,30.88,29.15,30.69,29.44,1.25,4.25,17046.29,51473.5688
20140505,002551.SZ,30.58,30.69,29.35,30.56,30.69,-0.13,-0.42,17439.72,52217.7571
20140506,002551.SZ,30.27,31.9,30.17,31.55,30.56,0.99,3.24,18337.05,57497.7193
20140507,002551.SZ,31.42,31.42,29.8,30.5,31.55,-1.05,-3.33,13593.96,41503.0496
20140508,002551.SZ,30.0,31.4,29.9,30.75,30.5,0.25,0.82,15340.53,47068.6893
20140509,002551.SZ,30.6,30.75,29.8,30.37,30.75,-0.38,-1.24,9594.03,28965.7449
20140512,002551.SZ,30.56,30.98,30.05,30.54,30.37,0.17,0.56,11796.61,35853.8627
20140513,002551.SZ,30.55,30.94,30.35,30.88,30.54,0.34,1.11,13164.65,40340.944
20140514,002551.SZ,30.87,31.41,30.46,30.89,30.88,0.01,0.03,15098.04,46881.5708
20140515,002551.SZ,30.9,31.58,30.55,30.83,30.89,-0.06,-0.19,10426.6,32480.5978
20140516,002551.SZ,30.53,30.86,28.2,29.96,30.83,-0.87,-2.82,16712.72,49208.1309
20140519,002551.SZ,29.46,29.58,28.21,28.65,29.96,-1.31,-4.37,8782.29,25194.6561
20140520,002551.SZ,28.71,29.88,28.71,29.02,28.65,0.37,1.29,14765.04,43244.7236
20140521,002551.SZ,29.02,29.8,28.62,29.34,29.02,0.32,1.1,16067.67,46837.3944
20140522,002551.SZ,29.61,32.27,29.31,31.91,29.34,2.57,8.76,43185.5,135551.7858
20140523,002551.SZ,32.0,32.13,31.02,31.76,31.91,-0.15,-0.47,27108.7,85939.6377
20140527,002551.SZ,33.18,34.9,32.6,33.0,31.76,1.24,3.9,50347.64,168941.3019
20140528,002551.SZ,32.78,34.4,32.26,34.27,33.0,1.27,3.85,35863.04,120135.6471
20140529,002551.SZ,34.2,35.75,33.71,34.35,34.27,0.08,0.23,23384.9,80860.4149
20140530,002551.SZ,34.2,34.77,33.24,34.18,34.35,-0.17,-0.49,12639.94,42901.6198
20140603,002551.SZ,34.28,34.32,33.4,33.44,34.18,-0.74,-2.17,6106.9,20587.8666
20140604,002551.SZ,33.44,33.49,32.08,32.9,33.44,-0.54,-1.61,15311.73,49986.5066
20140605,002551.SZ,33.39,33.76,32.2,32.98,32.9,0.08,0.24,12766.45,41926.2262
20140606,002551.SZ,32.98,33.45,32.42,33.18,32.98,0.2,0.61,15239.37,50385.4759
20140609,002551.SZ,33.18,33.85,32.7,33.2,33.18,0.02,0.06,9750.86,32415.2199
20140610,002551.SZ,33.44,33.5,32.28,33.47,33.2,0.27,0.81,18211.33,59902.1957
20140611,002551.SZ,33.22,34.19,32.72,34.01,33.47,0.54,1.61,14863.75,50236.9925
20140916,002551.SZ,28.69,28.69,28.49,28.69,26.08,2.61,10.01,246573.57,707369.5867
20140917,002551.SZ,28.0,28.0,25.83,26.63,28.69,-2.06,-7.18,183970.11,492894.3248
20140918,002551.SZ,26.35,27.34,26.0,26.82,26.63,0.19,0.71,107782.51,289172.4688
20140919,002551.SZ,26.75,27.14,26.6,27.09,26.82,0.27,1.01,86714.15,233779.0461
20140922,002551.SZ,26.9,26.9,25.32,25.46,27.09,-1.63,-6.02,94979.98,246397.7734
20140923,002551.SZ,25.45,25.57,24.63,25.19,25.46,-0.27,-1.06,96993.69,242795.1509
20140924,002551.SZ,25.0,25.58,24.9,25.4,25.19,0.21,0.83,64799.72,163767.2413
20140925,002551.SZ,25.37,26.14,25.25,25.64,25.4,0.24,0.94,83189.15,214532.4993
20140926,002551.SZ,25.67,26.2,25.33,26.04,25.64,0.4,1.56,51535.9,133809.5557
20140929,002551.SZ,26.07,27.73,25.92,27.31,26.04,1.27,4.88,96355.68,259679.9896
20140930,002551.SZ,27.32,27.6,26.9,27.12,27.31,-0.19,-0.7,53942.23,146394.0152
20141008,002551.SZ,27.14,27.68,26.67,27.55,27.12,0.43,1.59,62715.54,170117.3462
20141009,002551.SZ,27.57,28.57,27.38,28.13,27.55,0.58,2.11,74056.9,206663.9095
20141010,002551.SZ,27.99,28.0,27.1,27.81,28.13,-0.32,-1.14,68322.24,188564.2874
20141013,002551.SZ,27.79,28.02,26.88,27.4,27.81,-0.41,-1.47,39590.67,107919.7337
20141014,002551.SZ,27.13,28.19,27.13,27.88,27.4,0.48,1.75,58678.2,163470.0599
20141015,002551.SZ,27.88,28.33,27.21,27.77,27.88,-0.11,-0.39,53912.82,148946.6527
20141016,002551.SZ,27.72,28.29,27.24,27.34,27.77,-0.43,-1.55,79722.95,221475.2642
20141017,002551.SZ,27.01,27.29,25.5,26.44,27.34,-0.9,-3.29,68744.47,181304.0298
20141020,002551.SZ,26.49,26.91,26.44,26.61,26.44,0.17,0.64,32757.38,87296.4781
20141021,002551.SZ,26.61,26.61,25.68,25.8,26.61,-0.81,-3.04,47072.47,122197.3112
20141022,002551.SZ,25.8,26.14,25.64,25.71,25.8,-0.09,-0.35,28256.57,73015.364
20141023,002551.SZ,25.72,25.8,24.83,24.9,25.71,-0.81,-3.15,33099.93,83466.5637
20141024,002551.SZ,24.92,25.49,24.7,25.03,24.9,0.13,0.52,18490.28,46420.921
20141027,002551.SZ,25.15,26.73,24.95,26.38,25.03,1.35,5.39,48170.34,124156.6767
20141028,002551.SZ,26.5,26.6,26.21,26.51,26.38,0.13,0.49,44148.12,116600.8709
20141029,002551.SZ,26.61,27.2,26.33,27.1,26.51,0.59,2.23,55192.76,147628.8879
20141030,002551.SZ,27.3,27.5,26.88,26.94,27.1,-0.16,-0.59,46550.8,126441.275
20141031,002551.SZ,27.13,28.5,27.13,28.05,26.94,1.11,4.12,104178.26,291356.0901
20141103,002551.SZ,28.2,29.03,28.09,28.98,28.05,0.93,3.32,88302.01,254499.0414
20141104,002551.SZ,29.0,30.8,29.0,29.62,28.98,0.64,2.21,135036.54,402510.4496
20141105,002551.SZ,29.48,29.53,28.66,29.25,29.62,-0.37,-1.25,80339.91,232672.3896
20141106,002551.SZ,29.08,29.59,28.87,29.21,29.25,-0.04,-0.14,47988.97,139964.1875
20141107,002551.SZ,29.21,29.95,28.36,29.0,29.21,-0.21,-0.72,49722.29,145358.383
20141110,002551.SZ,29.21,29.29,28.42,28.57,29.0,-0.43,-1.48,47351.87,135544.9335
20141111,002551.SZ,28.58,28.75,27.25,27.32,28.57,-1.25,-4.38,45729.16,127494.0223
20141112,002551.SZ,27.23,27.97,27.04,27.88,27.32,0.56,2.05,17966.18,49356.2253
20141113,002551.SZ,27.79,27.79,26.8,27.58,27.88,-0.3,-1.08,42472.64,115416.2204
20141114,002551.SZ,27.59,27.7,26.51,26.7,27.58,-0.88,-3.19,36787.16,98950.7423
20141117,002551.SZ,26.7,27.96,26.51,27.88,26.7,1.18,4.42,39575.07,108483.9219
20141118,002551.SZ,27.88,28.09,27.52,27.9,27.88,0.02,0.07,18970.15,52583.7873
20141119,002551.SZ,27.81,28.39,27.79,28.12,27.9,0.22,0.79,32691.06,92002.6752
20141120,002551.SZ,28.1,28.3,27.5,27.7,28.12,-0.42,-1.49,23257.47,64546.084
20141121,002551.SZ,27.65,27.99,27.29,27.71,27.7,0.01,0.04,21790.98,60417.9436
20141124,002551.SZ,27.8,28.06,27.5,27.5,27.71,-0.21,-0.76,25182.66,69837.4133
20141125,002551.SZ,27.76,27.76,27.0,27.48,27.5,-0.02,-0.07,49911.78,135853.5773
20141126,002551.SZ,27.26,28.03,27.2,27.63,27.48,0.15,0.55,37079.43,102512.6086
20141127,002551.SZ,28.06,28.38,27.66,28.04,27.63,0.41,1.48,59050.06,165078.0456
20141128,002551.SZ,27.96,28.07,27.1,27.47,28.04,-0.57,-2.03,68343.7,187720.9918
20141201,002551.SZ,27.44,27.45,26.28,26.95,27.47,-0.52,-1.89,48027.97,127772.6046
20141202,002551.SZ,26.84,27.75,26.62,27.1,26.95,0.15,0.56,69084.45,187934.049
20141203,002551.SZ,26.99,27.36,26.6,27.3,27.1,0.2,0.74,59448.87,159490.1519
20141204,002551.SZ,27.13,27.7,27.0,27.3,27.3,0.0,0.0,80245.73,218924.6879
20141205,002551.SZ,27.4,27.44,25.44,26.33,27.3,-0.97,-3.55,97444.34,256065.0391
20141208,002551.SZ,26.44,26.44,25.56,25.72,26.33,-0.61,-2.32,69230.87,178901.914
20141209,002551.SZ,25.65,25.79,23.99,24.0,25.72,-1.72,-6.69,81247.5,200474.3299
20141210,002551.SZ,23.6,24.98,23.6,24.42,24.0,0.42,1.75,67824.81,165823.4587
20141211,002551.SZ,24.81,24.88,24.12,24.68,24.42,0.26,1.06,79441.06,194567.3819
20141212,002551.SZ,24.72,25.01,24.49,24.9,24.68,0.22,0.89,48338.2,119569.9616
20141215,002551.SZ,24.91,26.29,24.73,25.95,24.9,1.05,4.22,70942.4,182192.1064
20141216,002551.SZ,25.94,26.34,25.44,25.62,25.95,-0.33,-1.27,47572.69,122659.2873
20141217,002551.SZ,25.63,25.69,24.66,24.76,25.62,-0.86,-3.36,48002.84,119782.6544
20141218,002551.SZ,24.76,25.18,24.3,24.85,24.76,0.09,0.36,28974.64,71746.7734
20141219,002551.SZ,24.85,24.97,24.0,24.25,24.85,-0.6,-2.41,29786.78,72499.2255
20141222,002551.SZ,24.2,24.2,22.18,22.46,24.25,-1.79,-7.38,44715.2,102292.7395
20141223,002551.SZ,22.47,23.28,21.7,21.8,22.46,-0.66,-2.94,47743.62,106837.3076
20141224,002551.SZ,22.0,22.79,21.66,22.41,21.8,0.61,2.8,50098.09,110354.0602
20141225,002551.SZ,22.23,22.78,22.23,22.53,22.41,0.12,0.54,34597.39,77917.73
20141226,002551.SZ,22.63,23.19,22.37,22.41,22.53,-0.12,-0.53,35624.06,81021.9539
20141229,002551.SZ,22.33,22.47,21.8,21.83,22.41,-0.58,-2.59,40196.43,88655.708
20141230,002551.SZ,21.74,22.18,21.66,21.73,21.83,-0.1,-0.46,27587.87,60316.6969
20141231,002551.SZ,21.88,21.98,19.56,20.42,21.73,-1.31,-6.03,93514.2,190437.3553
20150105,002551.SZ,20.39,20.39,19.4,19.95,20.42,-0.47,-2.3,56852.78,112244.1462
20150106,002551.SZ,19.86,21.17,19.53,21.12,19.95,1.17,5.86,59809.98,122404.5149
20150107,002551.SZ,21.15,21.24,20.46,20.68,21.12,-0.44,-2.08,42857.72,89127.1227
20150108,002551.SZ,20.65,21.06,20.38,20.87,20.68,0.19,0.92,49039.22,101973.9255
20150109,002551.SZ,21.04,22.8,21.04,22.08,20.87,1.21,5.8,113429.49,251540.6541
20150112,002551.SZ,22.12,23.16,22.08,23.15,22.08,1.07,4.85,92797.9,210805.6987
20150113,002551.SZ,23.16,23.41,22.63,22.85,23.15,-0.3,-1.3,60396.89,138117.4318
20150114,002551.SZ,22.88,22.98,22.2,22.24,22.85,-0.61,-2.67,49226.57,110567.0238
20150115,002551.SZ,22.28,22.74,22.0,22.05,22.24,-0.19,-0.85,38532.7,86135.1051
20150116,002551.SZ,22.0,22.5,21.75,22.46,22.05,0.41,1.86,40632.25,90105.9001
20150119,002551.SZ,22.43,22.97,21.37,21.84,22.46,-0.62,-2.76,78300.9,175387.431
20150120,002551.SZ,22.28,24.02,22.28,24.02,21.84,2.18,9.98,174745.95,406857.8765
20150121,002551.SZ,24.6,25.2,24.1,24.47,24.02,0.45,1.87,199585.66,488926.3789
20150122,002551.SZ,24.29,24.7,23.91,24.63,24.47,0.16,0.65,106144.17,257872.168
20150123,002551.SZ,24.75,24.78,23.73,23.8,24.63,-0.83,-3.37,91088.34,219201.1113
20150126,002551.SZ,23.78,24.1,23.52,23.9,23.8,0.1,0.42,68670.9,163682.1154
20150127,002551.SZ,23.93,24.31,23.6,24.08,23.9,0.18,0.75,94822.04,226930.7827
20150128,002551.SZ,23.87,24.01,23.69,23.73,24.08,-0.35,-1.45,66564.31,158592.3386
20150129,002551.SZ,23.73,24.14,23.58,23.82,23.73,0.09,0.38,61908.6,148088.1194
20150130,002551.SZ,23.84,23.98,23.0,23.04,23.82,-0.78,-3.27,59103.75,138842.8122
20150202,002551.SZ,22.82,22.97,22.41,22.41,23.04,-0.63,-2.73,52922.66,120437.5264
20150203,002551.SZ,22.6,23.06,22.46,22.97,22.41,0.56,2.5,56222.29,128249.3411
20150204,002551.SZ,23.11,23.47,22.92,23.04,22.97,0.07,0.3,56167.21,130292.7939
20150205,002551.SZ,23.21,23.51,22.67,22.86,23.04,-0.18,-0.78,73360.28,169647.6454
20150206,002551.SZ,22.66,22.91,21.71,21.97,22.86,-0.89,-3.89,66627.27,147653.0829
20150209,002551.SZ,21.83,22.06,20.88,21.0,21.97,-0.97,-4.42,65281.3,138856.2161
20150210,002551.SZ,21.05,21.55,21.05,21.35,21.0,0.35,1.67,38603.97,82110.6192
20150211,002551.SZ,21.47,21.5,21.16,21.39,21.35,0.04,0.19,46194.25,98557.874
20150212,002551.SZ,21.18,22.4,21.08,22.3,21.39,0.91,4.25,110043.08,241962.2902
20150213,002551.SZ,22.4,22.95,22.39,22.76,22.3,0.46,2.06,83862.58,190415.0798
20150216,002551.SZ,22.9,23.48,22.62,23.35,22.76,0.59,2.59,84549.33,195520.6086
20150217,002551.SZ,23.48,23.75,23.03,23.24,23.35,-0.11,-0.47,65852.13,153101.5706
20150225,002551.SZ,23.23,23.36,22.65,22.78,23.24,-0.46,-1.98,83370.69,192105.6845
20150226,002551.SZ,22.71,22.97,22.55,22.96,22.78,0.18,0.79,51572.31,117582.9827
20150227,002551.SZ,23.0,23.72,23.0,23.72,22.96,0.76,3.31,107129.09,251194.5363
20150302,002551.SZ,23.85,24.49,23.72,24.45,23.72,0.73,3.08,122206.16,295157.7403
20150303,002551.SZ,24.46,24.47,23.88,24.14,24.45,-0.31,-1.27,108090.84,261267.2098
20150304,002551.SZ,24.0,25.78,23.92,25.46,24.14,1.32,5.47,204321.63,512713.675
20150305,002551.SZ,25.5,26.49,25.18,25.93,25.46,0.47,1.85,175995.99,456202.5477
20150306,002551.SZ,26.18,26.38,24.92,24.95,25.93,-0.98,-3.78,130609.0,330743.2454
20150309,002551.SZ,24.72,25.99,24.4,25.62,24.95,0.67,2.69,115484.01,293396.7467
20150310,002551.SZ,25.63,28.17,25.63,27.19,25.62,1.57,6.13,210849.06,568092.6211
20150311,002551.SZ,26.98,27.87,26.66,27.2,27.19,0.01,0.04,119575.75,325680.8005
20150312,002551.SZ,27.05,27.2,26.23,26.46,27.2,-0.74,-2.72,97967.84,260569.8785
20150313,002551.SZ,26.48,27.15,26.32,27.1,26.46,0.64,2.42,79114.47,211335.5924
20150316,002551.SZ,27.16,29.74,27.16,29.05,27.1,1.95,7.2,219260.14,629622.9091
20150317,002551.SZ,29.07,30.47,28.55,29.97,29.05,0.92,3.17,226988.1,676734.1359
20150318,002551.SZ,30.3,30.45,29.45,30.16,29.97,0.19,0.63,174756.81,524455.531
20150319,002551.SZ,30.18,30.2,29.31,30.07,30.16,-0.09,-0.3,105799.24,315367.9219
20150320,002551.SZ,29.58,33.01,29.57,31.48,30.07,1.41,4.69,140702.31,442546.4276
20150323,002551.SZ,31.4,33.3,30.9,32.95,31.48,1.47,4.67,137021.56,444636.9295
20150324,002551.SZ,33.0,33.4,31.4,32.69,32.95,-0.26,-0.79,145993.18,473583.3767
20150325,002551.SZ,32.48,35.95,32.01,34.83,32.69,2.14,6.55,147756.64,507763.9484
20150326,002551.SZ,34.82,34.83,33.1,33.2,34.83,-1.63,-4.68,99304.58,335448.5552
20150327,002551.SZ,33.08,34.15,32.23,33.57,33.2,0.37,1.11,85636.33,284734.0341
20150330,002551.SZ,33.56,36.0,33.5,35.53,33.57,1.96,5.84,135179.72,473355.1154
20150331,002551.SZ,35.54,36.65,34.61,34.99,35.53,-0.54,-1.52,108151.66,386139.1003
20150401,002551.SZ,34.65,35.93,34.65,35.39,34.99,0.4,1.14,83148.99,294101.8646
20150402,002551.SZ,35.45,36.0,34.05,34.52,35.39,-0.87,-2.46,125503.78,438257.2597
20150403,002551.SZ,34.11,34.4,32.89,33.92,34.52,-0.6,-1.74,132862.03,447586.0115
20150407,002551.SZ,33.8,36.15,33.06,36.07,33.92,2.15,6.34,151686.56,524630.0391
20150429,002551.SZ,39.28,39.4,33.0,36.0,36.07,-0.07,-0.19,186822.67,690724.1332
20150430,002551.SZ,37.64,39.3,37.0,38.18,36.0,2.18,6.06,127944.79,489811.0311
20150504,002551.SZ,37.49,38.59,36.38,37.49,38.18,-0.69,-1.81,91071.72,339986.259
20150505,002551.SZ,37.5,37.54,33.98,34.3,37.49,-3.19,-8.51,73677.02,262419.1232
20150506,002551.SZ,34.35,35.2,32.3,32.56,34.3,-1.74,-5.07,77825.12,264532.5884
20150507,002551.SZ,32.3,32.45,30.9,31.1,32.56,-1.46,-4.48,66051.74,208972.46
20150508,002551.SZ,31.69,33.94,31.69,33.7,31.1,2.6,8.36,87460.41,287805.6409
20150511,002551.SZ,34.38,35.7,33.74,35.17,33.7,1.47,4.36,76506.29,267271.0097
20150512,002551.SZ,35.04,37.07,34.55,36.07,35.17,0.9,2.56,90935.4,327448.368
20150513,002551.SZ,35.8,36.5,34.94,35.46,36.07,-0.61,-1.69,90998.72,323120.6543
20150514,002551.SZ,35.82,36.5,35.18,36.19,35.46,0.73,2.06,88850.63,319186.9039
20150515,002551.SZ,36.1,38.15,35.6,36.61,36.19,0.42,1.16,90862.66,338010.0672
20150518,002551.SZ,37.01,40.27,36.99,40.27,36.61,3.66,10.0,91970.66,364211.0757
20150520,002551.SZ,43.8,44.3,42.0,44.3,40.27,4.03,10.01,51692.23,226641.7995
20150521,002551.SZ,48.73,48.73,44.3,48.73,44.3,4.43,10.0,147434.48,709584.7211
20150522,002551.SZ,51.16,53.6,47.52,48.49,48.73,-0.24,-0.49,191278.31,969459.7008
20150525,002551.SZ,47.08,50.98,45.93,49.3,48.49,0.81,1.67,146343.79,721106.5297
20150526,002551.SZ,51.0,54.23,49.49,49.99,49.3,0.69,1.4,205314.15,1056176.9108
20150527,002551.SZ,49.99,51.88,48.0,48.4,49.99,-1.59,-3.18,98244.18,483059.7409
20150528,002551.SZ,48.49,50.3,43.56,43.7,48.4,-4.7,-9.71,103912.27,498268.8007
20150529,002551.SZ,43.59,48.07,43.59,48.07,43.7,4.37,10.0,102609.24,475561.9328
20150601,002551.SZ,49.0,52.87,48.9,50.5,48.07,2.43,5.06,128041.46,658573.114
20150602,002551.SZ,51.5,51.9,49.02,51.3,50.5,0.8,1.58,106586.32,538168.5559
20150603,002551.SZ,51.33,56.43,49.61,56.43,51.3,5.13,10.0,107968.13,574535.7352
20150604,002551.SZ,56.42,56.42,50.8,55.68,56.43,-0.75,-1.33,89770.65,487134.2303
20150605,002551.SZ,55.89,61.0,55.89,59.96,55.68,4.28,7.69,106340.06,627009.3269
20150608,002551.SZ,59.0,59.8,55.5,57.5,59.96,-2.46,-4.1,65213.97,374500.5337
20150609,002551.SZ,56.45,56.5,53.8,55.3,57.5,-2.2,-3.83,56836.56,314401.979
20150610,002551.SZ,55.24,58.25,53.59,57.42,55.3,2.12,3.83,51256.15,289988.0749
20150611,002551.SZ,56.51,58.02,55.04,55.46,57.42,-1.96,-3.41,55986.47,313821.0411
20150612,002551.SZ,56.02,57.59,55.17,57.53,55.46,2.07,3.73,77049.38,438362.6216
20150615,002551.SZ,57.65,62.0,55.36,58.9,57.53,1.37,2.38,97217.99,568130.1954
20150616,002551.SZ,59.05,59.05,55.2,56.92,58.9,-1.98,-3.36,58842.19,334067.471
20150617,002551.SZ,57.76,57.8,52.06,56.39,56.92,-0.53,-0.93,62027.84,344157.9795
20150618,002551.SZ,55.8,56.37,51.1,52.8,56.39,-3.59,-6.37,47455.09,256105.0931
20150619,002551.SZ,51.37,52.6,47.52,47.92,52.8,-4.88,-9.24,60139.99,294118.7422
20150623,002551.SZ,48.2,50.62,43.13,48.3,47.92,0.38,0.79,90028.64,420310.8004
20150624,002551.SZ,48.0,48.6,44.63,47.67,48.3,-0.63,-1.3,91692.39,431122.0947
20150625,002551.SZ,48.18,48.18,42.9,46.5,47.67,-1.17,-2.45,119940.68,536735.6689
20150626,002551.SZ,44.0,44.51,41.85,44.4,46.5,-2.1,-4.52,72420.63,308818.8232
20150629,002551.SZ,45.0,45.78,39.96,39.96,44.4,-4.44,-10.0,89777.96,370434.7136
20150630,002551.SZ,36.05,43.58,35.96,43.39,39.96,3.43,8.58,130658.36,513439.3566
20150701,002551.SZ,41.21,45.2,39.1,39.15,43.39,-4.24,-9.77,72746.8,312808.0763
20150702,002551.SZ,39.16,39.16,35.24,35.24,39.15,-3.91,-9.99,86124.72,309567.2619
20150703,002551.SZ,33.0,36.0,31.72,31.72,35.24,-3.52,-9.99,86249.41,279751.3582
20150706,002551.SZ,34.5,34.5,28.55,28.55,31.72,-3.17,-9.99,157398.23,468847.2043
20150714,002551.SZ,31.41,31.41,31.41,31.41,28.55,2.86,10.02,2342.9,7359.0489
20150715,002551.SZ,34.55,34.55,28.63,29.9,31.41,-1.51,-4.81,182141.97,589027.6539
20150716,002551.SZ,22.88,25.51,22.36,24.86,24.84,0.02,0.08,196375.79,477941.2859
20150717,002551.SZ,24.98,27.35,24.8,27.35,24.86,2.49,10.02,144044.33,382119.6873
20150720,002551.SZ,28.19,30.09,27.8,30.09,27.35,2.74,10.02,204712.03,598539.5536
20150721,002551.SZ,30.0,31.66,28.59,30.75,30.09,0.66,2.19,181154.32,553521.9725
20150722,002551.SZ,30.45,30.86,29.0,30.35,30.75,-0.4,-1.3,152365.88,456972.1269
20150723,002551.SZ,30.0,33.18,29.72,32.7,30.35,2.35,7.74,161355.99,505663.5509
20150724,002551.SZ,32.75,34.6,31.94,32.4,32.7,-0.3,-0.92,169965.06,560921.6567
20150727,002551.SZ,31.5,33.2,29.16,29.16,32.4,-3.24,-10.0,148504.45,463793.6515
20150728,002551.SZ,28.0,31.14,26.24,29.49,29.16,0.33,1.13,204516.65,578284.7174
20150729,002551.SZ,29.77,31.0,26.99,30.97,29.49,1.48,5.02,143416.37,421972.6476
20150730,002551.SZ,30.31,30.99,28.45,28.65,30.97,-2.32,-7.49,99873.19,300787.1198
20150731,002551.SZ,28.07,28.59,27.16,27.79,28.65,-0.86,-3.0,101442.11,282237.9006
20150803,002551.SZ,26.55,27.27,25.03,25.81,27.79,-1.98,-7.12,133272.0,345872.318
20150804,002551.SZ,25.9,28.0,25.9,27.96,25.81,2.15,8.33,104803.81,280897.2218
20150805,002551.SZ,27.85,28.4,26.66,26.82,27.96,-1.14,-4.08,88876.25,245280.2396
20150806,002551.SZ,25.98,27.47,25.6,26.58,26.82,-0.24,-0.89,54427.13,144569.8312
20150807,002551.SZ,27.19,27.86,26.7,27.61,26.58,1.03,3.88,103629.86,283539.1104
20150810,002551.SZ,27.84,30.05,27.84,29.7,27.61,2.09,7.57,115096.53,332437.8426
20150811,002551.SZ,29.8,30.54,29.19,29.68,29.7,-0.02,-0.07,115574.85,345205.6071
20150812,002551.SZ,29.08,29.71,28.02,28.07,29.68,-1.61,-5.42,90483.89,261112.8157
20150813,002551.SZ,28.08,28.94,27.5,28.93,28.07,0.86,3.06,78941.31,223116.7049
20150814,002551.SZ,29.03,30.28,28.83,29.91,28.93,0.98,3.39,127354.53,378060.7832
20150817,002551.SZ,31.9,31.9,29.51,30.5,29.91,0.59,1.97,116718.32,355636.3616
20150818,002551.SZ,30.2,30.5,27.45,27.45,30.5,-3.05,-10.0,101530.65,295053.3816
20150819,002551.SZ,26.05,28.54,25.29,28.24,27.45,0.79,2.88,81132.65,218136.2815
20150820,002551.SZ,27.78,28.4,26.9,26.97,28.24,-1.27,-4.5,56050.47,154854.1888
20150821,002551.SZ,26.5,26.89,24.27,24.62,26.97,-2.35,-8.71,88371.09,226419.0253
20150824,002551.SZ,23.0,23.98,22.16,22.16,24.62,-2.46,-9.99,96565.46,214963.9995
20150825,002551.SZ,19.94,20.88,19.94,19.94,22.16,-2.22,-10.02,78154.68,157099.9073
20150826,002551.SZ,19.3,20.5,18.0,18.0,19.94,-1.94,-9.73,91072.9,175460.0328
20150827,002551.SZ,18.56,19.2,17.0,18.59,18.0,0.59,3.28,78328.79,144418.8096
20150828,002551.SZ,19.18,20.39,18.51,20.37,18.59,1.78,9.58,153910.6,294330.9975
20150831,002551.SZ,20.27,20.27,18.54,18.54,20.37,-1.83,-8.98,150128.08,286700.4335
20150901,002551.SZ,18.53,18.53,16.69,16.69,18.54,-1.85,-9.98,122862.82,209317.9298
20150902,002551.SZ,15.66,17.65,15.32,17.15,16.69,0.46,2.76,146951.44,244780.9777
20150907,002551.SZ,17.45,18.36,17.18,17.65,17.15,0.5,2.92,92912.88,165888.0656
20150908,002551.SZ,17.5,19.05,16.9,18.95,17.65,1.3,7.37,89815.41,160218.0547
20150909,002551.SZ,19.01,20.26,18.81,19.71,18.95,0.76,4.01,136644.89,268078.4732
20150910,002551.SZ,19.35,19.8,19.0,19.04,19.71,-0.67,-3.4,113695.1,220139.6092
20150911,002551.SZ,19.04,19.4,18.7,19.19,19.04,0.15,0.79,54080.79,103332.7562
20150914,002551.SZ,19.38,19.69,17.27,17.27,19.19,-1.92,-10.01,75527.98,135897.3416
20150915,002551.SZ,16.83,16.98,15.54,15.69,17.27,-1.58,-9.15,65505.9,106141.5927
20150916,002551.SZ,15.98,17.26,15.37,17.26,15.69,1.57,10.01,107054.36,173777.0376
20150917,002551.SZ,17.0,17.96,16.7,16.82,17.26,-0.44,-2.55,111983.66,194505.4327
20150918,002551.SZ,16.99,17.74,16.65,17.44,16.82,0.62,3.69,77739.55,133621.8068
20150921,002551.SZ,17.18,19.18,17.03,19.18,17.44,1.74,9.98,122029.52,224072.459
20150922,002551.SZ,19.36,19.74,18.62,19.19,19.18,0.01,0.05,129108.36,248534.5818
20150923,002551.SZ,18.53,19.35,18.44,18.97,19.19,-0.22,-1.15,89677.92,169721.079
20150924,002551.SZ,19.2,19.76,19.11,19.5,18.97,0.53,2.79,85834.13,167392.2172
20150925,002551.SZ,19.5,20.38,18.3,19.86,19.5,0.36,1.85,135047.29,265239.1367
20150928,002551.SZ,19.54,20.87,19.02,20.71,19.86,0.85,4.28,112778.5,226006.0807
20150929,002551.SZ,20.13,20.6,19.8,20.14,20.71,-0.57,-2.75,86249.97,174081.789
20150930,002551.SZ,20.16,20.46,19.4,19.75,20.14,-0.39,-1.94,61527.16,122241.4984
20151008,002551.SZ,20.66,21.53,20.34,21.37,19.75,1.62,8.2,85392.44,178078.1766
20151009,002551.SZ,21.49,21.82,20.96,21.29,21.37,-0.08,-0.37,87139.6,186228.3985
20151012,002551.SZ,21.3,23.3,21.3,22.9,21.29,1.61,7.56,108184.48,242280.4013
20151013,002551.SZ,22.5,23.65,22.3,23.15,22.9,0.25,1.09,83271.24,192563.3713
20151014,002551.SZ,22.97,23.22,22.41,22.42,23.15,-0.73,-3.15,65284.56,148086.8096
20151015,002551.SZ,22.2,23.3,22.1,23.1,22.42,0.68,3.03,68695.54,156519.5904
20151016,002551.SZ,23.39,23.42,22.45,23.1,23.1,0.0,0.0,88260.65,202169.0539
20151019,002551.SZ,23.04,23.38,22.26,22.42,23.1,-0.68,-2.94,79632.85,180989.2576
20151020,002551.SZ,22.53,24.66,22.5,24.66,22.42,2.24,9.99,172634.43,410156.4709
20151021,002551.SZ,24.99,26.38,23.5,24.4,24.66,-0.26,-1.05,209796.19,524288.3938
20151022,002551.SZ,24.5,26.84,24.5,26.84,24.4,2.44,10.0,202680.85,535413.7095
20151023,002551.SZ,28.3,29.52,28.2,29.52,26.84,2.68,9.99,180178.7,528257.3787
20151026,002551.SZ,30.0,30.9,27.19,28.0,29.52,-1.52,-5.15,347672.38,987194.9941
20151027,002551.SZ,27.3,30.5,26.86,28.91,28.0,0.91,3.25,270711.19,771788.5699
20151028,002551.SZ,28.02,28.5,26.58,26.86,28.91,-2.05,-7.09,178101.25,490811.0487
20151029,002551.SZ,26.78,27.86,26.78,26.9,26.86,0.04,0.15,118758.17,324535.6901
20151030,002551.SZ,26.63,27.53,26.0,26.8,26.9,-0.1,-0.37,111410.93,299544.9218
20151102,002551.SZ,25.97,27.25,25.55,25.99,26.8,-0.81,-3.02,93835.6,248830.6925
20151103,002551.SZ,26.14,26.5,25.15,25.35,25.99,-0.64,-2.46,77880.84,200907.2017
20151104,002551.SZ,25.96,27.89,25.65,27.89,25.35,2.54,10.02,119833.01,326201.1006
20151105,002551.SZ,28.65,28.96,27.1,27.62,27.89,-0.27,-0.97,173117.42,482966.3278
20151106,002551.SZ,27.39,29.5,27.38,28.91,27.62,1.29,4.67,140059.6,400973.0107
20151109,002551.SZ,29.22,30.94,28.1,30.12,28.91,1.21,4.19,179276.92,530776.6065
20151110,002551.SZ,29.71,31.15,29.45,29.72,30.12,-0.4,-1.33,136064.99,411958.1929
20151111,002551.SZ,29.48,32.69,29.3,32.33,29.72,2.61,8.78,201523.71,622342.8591
20151112,002551.SZ,32.6,32.65,30.9,31.54,32.33,-0.79,-2.44,199984.95,630874.9396
20151113,002551.SZ,30.88,30.9,29.41,30.0,31.54,-1.54,-4.88,123296.74,373514.248
20151116,002551.SZ,29.1,30.95,29.01,30.92,30.0,0.92,3.07,70836.27,213742.7915
20151117,002551.SZ,31.29,31.52,29.68,29.93,30.92,-0.99,-3.2,146245.09,444043.1774
20151118,002551.SZ,29.62,29.94,28.97,29.0,29.93,-0.93,-3.11,68859.38,201634.8669
20151119,002551.SZ,28.99,29.87,28.94,29.54,29.0,0.54,1.86,69983.17,205611.3628
20151120,002551.SZ,29.52,30.9,29.42,30.45,29.54,0.91,3.08,122989.83,372724.3902
20151123,002551.SZ,30.46,30.98,29.5,29.55,30.45,-0.9,-2.96,121013.21,366493.8166
20151124,002551.SZ,29.24,29.87,28.91,29.87,29.55,0.32,1.08,69492.3,203298.8718
20151125,002551.SZ,30.0,31.53,29.75,31.38,29.87,1.51,5.06,168402.93,523521.2469
20151126,002551.SZ,31.38,32.84,30.8,32.8,31.38,1.42,4.53,230860.58,739656.7896
20151127,002551.SZ,32.3,32.74,29.6,29.9,32.8,-2.9,-8.84,168380.43,527431.2311
20151130,002551.SZ,30.1,30.5,27.0,29.18,29.9,-0.72,-2.41,113469.82,330778.7972
20151201,002551.SZ,29.05,30.76,28.6,29.9,29.18,0.72,2.47,87312.25,261311.0474
20151202,002551.SZ,29.82,30.2,27.59,28.8,29.9,-1.1,-3.68,80759.06,231490.7843
20151203,002551.SZ,28.91,29.89,28.91,29.77,28.8,0.97,3.37,63117.47,186554.964
20151204,002551.SZ,29.68,30.5,29.41,29.73,29.77,-0.04,-0.13,67419.25,202474.5657
20151207,002551.SZ,29.75,30.37,29.4,30.28,29.73,0.55,1.85,65209.18,195320.5822
20151208,002551.SZ,30.1,30.2,28.79,29.05,30.28,-1.23,-4.06,70609.38,206843.6991
20151209,002551.SZ,28.77,31.6,28.09,30.05,29.05,1.0,3.44,127522.05,379007.6566
20151210,002551.SZ,29.6,29.85,28.88,29.01,30.05,-1.04,-3.46,64002.48,187263.4314
20151211,002551.SZ,28.98,29.0,28.12,28.27,29.01,-0.74,-2.55,41235.19,117451.7702
20151214,002551.SZ,28.25,29.0,27.98,28.97,28.27,0.7,2.48,44631.65,126802.046
20151215,002551.SZ,29.0,30.1,28.6,29.71,28.97,0.74,2.55,56861.24,169111.9483
20151216,002551.SZ,29.76,30.3,29.58,29.89,29.71,0.18,0.61,56220.84,168772.8195
20151217,002551.SZ,30.3,30.98,30.06,30.47,29.89,0.58,1.94,74673.25,228200.4274
20151218,002551.SZ,30.5,32.5,30.3,31.9,30.47,1.43,4.69,144122.11,455056.2974
20151221,002551.SZ,31.99,32.7,31.54,31.89,31.9,-0.01,-0.03,110480.92,354191.5136
20151222,002551.SZ,32.16,33.09,32.0,32.85,31.89,0.96,3.01,101639.32,331203.158
20151223,002551.SZ,33.25,34.58,33.05,33.1,32.85,0.25,0.76,123791.37,418393.3639
20151224,002551.SZ,32.5,33.7,31.61,32.26,33.1,-0.84,-2.54,78644.46,255760.2141
20151225,002551.SZ,32.2,33.2,31.5,32.0,32.26,-0.26,-0.81,66754.06,216784.2973
20151228,002551.SZ,32.1,32.58,30.8,31.0,32.0,-1.0,-3.13,80012.1,255242.0758
20151229,002551.SZ,30.8,32.98,30.63,32.14,31.0,1.14,3.68,93212.55,295780.4042
20151230,002551.SZ,31.95,33.45,31.9,33.45,32.14,1.31,4.08,96463.66,317555.9395
20151231,002551.SZ,33.7,33.87,32.7,32.97,33.45,-0.48,-1.44,64765.16,214772.0156
20160104,002551.SZ,32.87,33.18,29.67,29.67,32.97,-3.3,-10.01,61788.3,193692.1935
20160105,002551.SZ,28.0,30.5,26.92,28.15,29.67,-1.52,-5.12,103138.74,296064.203
20160106,002551.SZ,28.81,28.88,27.99,28.66,28.15,0.51,1.81,46314.34,132171.113
20160107,002551.SZ,28.07,28.2,25.79,25.79,28.66,-2.87,-10.01,14434.0,38646.3793
20160108,002551.SZ,25.96,27.48,24.6,25.5,25.79,-0.29,-1.12,83398.76,216886.9663
20160111,002551.SZ,24.8,25.7,22.95,22.95,25.5,-2.55,-10.0,109034.17,258721.5011
20160112,002551.SZ,22.9,23.98,22.11,23.84,22.95,0.89,3.88,73799.0,170807.4729
20160113,002551.SZ,24.08,24.16,22.32,23.64,23.84,-0.2,-0.84,65785.89,154046.6177
20160114,002551.SZ,22.7,25.15,22.58,25.09,23.64,1.45,6.13,66470.65,159164.6086
20160115,002551.SZ,24.64,25.18,23.8,24.8,25.09,-0.29,-1.16,63579.42,155901.1157
20160118,002551.SZ,24.2,25.4,24.0,25.1,24.8,0.3,1.21,72877.51,181261.6949
20160119,002551.SZ,25.0,25.98,24.1,25.76,25.1,0.66,2.63,64507.84,163106.1284
20160120,002551.SZ,25.34,25.68,24.2,24.67,25.76,-1.09,-4.23,60246.4,150870.5494
20160121,002551.SZ,24.0,24.54,23.2,23.2,24.67,-1.47,-5.96,78579.88,187924.9555
20160122,002551.SZ,23.41,23.65,21.5,22.75,23.2,-0.45,-1.94,68349.19,154829.6001
20160125,002551.SZ,23.05,23.6,22.7,22.94,22.75,0.19,0.84,41272.04,95600.7145
20160126,002551.SZ,22.32,22.78,20.65,20.65,22.94,-2.29,-9.98,60926.65,131356.5532
20160127,002551.SZ,20.65,20.96,18.59,19.35,20.65,-1.3,-6.3,96181.43,185229.0357
20160128,002551.SZ,18.97,19.3,17.42,17.42,19.35,-1.93,-9.97,89270.71,164245.3003
20160129,002551.SZ,17.6,18.82,17.34,18.55,17.42,1.13,6.49,70013.62,127623.7456
20160201,002551.SZ,18.55,19.4,18.35,19.0,18.55,0.45,2.43,57637.01,108614.3678
20160202,002551.SZ,19.0,20.33,19.0,19.98,19.0,0.98,5.16,56259.98,111954.5094
20160203,002551.SZ,19.75,20.47,19.48,20.01,19.98,0.03,0.15,36609.23,72412.9254
20160204,002551.SZ,20.09,21.44,19.96,21.0,20.01,0.99,4.95,56586.8,117732.5863
20160205,002551.SZ,21.0,21.29,20.63,20.73,21.0,-0.27,-1.29,31313.48,65236.178
20160215,002551.SZ,19.77,20.87,19.58,20.56,20.73,-0.17,-0.82,39311.34,80329.3804
20160216,002551.SZ,20.53,21.62,20.36,21.47,20.56,0.91,4.43,93106.37,195676.1888
20160217,002551.SZ,21.21,21.53,20.58,21.49,21.47,0.02,0.09,79871.41,168827.3237
20160218,002551.SZ,21.5,21.86,20.88,20.9,21.49,-0.59,-2.75,77606.06,165882.4247
20160219,002551.SZ,20.72,21.6,20.62,21.6,20.9,0.7,3.35,70830.35,149714.2751
20160222,002551.SZ,21.9,22.8,21.9,22.39,21.6,0.79,3.66,90403.81,201264.7923
20160223,002551.SZ,22.7,23.5,21.92,22.7,22.39,0.31,1.38,103258.46,235968.8484
20160224,002551.SZ,23.02,23.58,22.3,22.87,22.7,0.17,0.75,101374.35,232997.7381
20160225,002551.SZ,22.6,22.68,20.58,20.58,22.87,-2.29,-10.01,84546.88,181982.3837
20160226,002551.SZ,20.48,20.97,19.0,19.89,20.58,-0.69,-3.35,108929.53,216190.9165
20160229,002551.SZ,19.52,19.8,17.9,17.9,19.89,-1.99,-10.01,80505.45,147031.1339
20160301,002551.SZ,18.0,18.86,17.61,18.81,17.9,0.91,5.08,55149.06,100835.3535
20160302,002551.SZ,18.81,20.35,18.75,20.25,18.81,1.44,7.66,77659.29,151849.7078
20160303,002551.SZ,20.25,21.6,20.0,20.4,20.25,0.15,0.74,90924.07,187480.8136
20160304,002551.SZ,20.0,20.59,18.85,18.9,20.4,-1.5,-7.35,74714.79,145965.5146
20160307,002551.SZ,19.06,19.98,19.06,19.6,18.9,0.7,3.7,48889.88,95663.7621
20160308,002551.SZ,19.59,19.7,18.45,19.59,19.6,-0.01,-0.05,60258.1,115396.5571
20160309,002551.SZ,19.05,20.09,18.82,19.6,19.59,0.01,0.05,62324.05,122585.3336
20160310,002551.SZ,19.6,19.87,18.88,18.98,19.6,-0.62,-3.16,44736.43,86763.29
20160311,002551.SZ,18.6,18.98,18.15,18.59,18.98,-0.39,-2.05,54408.81,101045.4596
20160314,002551.SZ,18.98,19.86,18.87,19.55,18.59,0.96,5.16,70712.1,137514.9195
20160315,002551.SZ,19.56,19.76,19.08,19.26,19.55,-0.29,-1.48,44140.67,85738.5367
20160316,002551.SZ,19.5,19.66,18.8,19.0,19.26,-0.26,-1.35,46708.5,89610.2775
20160317,002551.SZ,19.1,20.18,19.07,20.08,19.0,1.08,5.68,83725.77,165336.0219
20160318,002551.SZ,20.26,21.18,20.26,21.01,20.08,0.93,4.63,106905.17,222680.3357
20160322,002551.SZ,22.1,23.11,21.84,23.11,21.01,2.1,10.0,116998.13,268206.7952
20160323,002551.SZ,23.08,23.77,22.43,22.99,23.11,-0.12,-0.52,171717.65,396790.0476
20160324,002551.SZ,23.0,23.55,22.15,23.2,22.99,0.21,0.91,161937.4,371518.3094
20160325,002551.SZ,22.88,23.29,22.5,23.02,23.2,-0.18,-0.78,96852.65,221495.4119
20160328,002551.SZ,23.28,23.52,22.3,22.48,23.02,-0.54,-2.35,62953.96,144625.622
20160329,002551.SZ,22.61,23.16,21.8,22.82,22.48,0.34,1.51,91263.16,205909.1654
20160330,002551.SZ,23.45,25.06,22.97,24.95,22.82,2.13,9.33,133823.51,322188.8795
20160331,002551.SZ,24.95,26.45,24.7,24.81,24.95,-0.14,-0.56,122749.24,314744.4135
20160401,002551.SZ,24.45,25.48,24.25,25.43,24.81,0.62,2.5,68709.62,171580.1425
20160405,002551.SZ,25.58,25.99,25.21,25.65,25.43,0.22,0.87,66628.04,170899.507
20160406,002551.SZ,25.4,25.6,24.41,24.97,25.65,-0.68,-2.65,82685.28,206461.2237
20160407,002551.SZ,24.99,25.17,24.1,24.13,24.97,-0.84,-3.36,61187.46,150565.8908
20160408,002551.SZ,23.8,23.97,23.4,23.95,24.13,-0.18,-0.75,53174.74,125872.5757
20160411,002551.SZ,24.4,25.18,24.3,24.9,23.95,0.95,3.97,53287.69,132180.2496
20160412,002551.SZ,24.98,25.25,24.16,24.48,24.9,-0.42,-1.69,40329.21,99519.903
20160413,002551.SZ,24.71,25.22,24.01,24.23,24.48,-0.25,-1.02,101337.02,250802.1479
20160414,002551.SZ,24.26,25.79,24.24,25.31,24.23,1.08,4.46,103453.06,258744.428
20160415,002551.SZ,25.0,25.22,24.55,24.71,25.31,-0.6,-2.37,70288.08,174251.5647
20160418,002551.SZ,24.59,25.7,24.18,25.17,24.71,0.46,1.86,97265.81,243389.8115
20160419,002551.SZ,25.05,25.55,24.89,25.18,25.17,0.01,0.04,58101.63,146420.9273
20160420,002551.SZ,25.2,25.34,22.86,23.35,25.18,-1.83,-7.27,81422.26,195199.9832
20160421,002551.SZ,23.0,23.54,22.8,22.86,23.35,-0.49,-2.1,44798.58,103998.1777
20160422,002551.SZ,22.72,23.38,22.6,23.13,22.86,0.27,1.18,32580.03,75159.5321
20160425,002551.SZ,23.0,23.12,22.66,22.83,23.13,-0.3,-1.3,27601.56,63118.988
20160426,002551.SZ,22.78,23.3,22.7,23.19,22.83,0.36,1.58,35073.46,80919.8202
20160427,002551.SZ,23.4,23.4,22.82,22.85,23.19,-0.34,-1.47,34478.57,79415.8993
20160428,002551.SZ,23.0,23.0,22.0,22.58,22.85,-0.27,-1.18,40543.96,91284.7514
20160429,002551.SZ,22.23,22.76,22.22,22.36,22.58,-0.22,-0.97,25901.78,58193.4632
20160503,002551.SZ,22.06,23.06,22.06,22.94,22.36,0.58,2.59,66017.73,150601.5018
20160504,002551.SZ,22.95,23.15,22.58,22.72,22.94,-0.22,-0.96,65447.95,149306.3061
20160505,002551.SZ,22.76,22.89,22.5,22.78,22.72,0.06,0.26,43427.11,98586.5509
20160506,002551.SZ,22.89,23.08,21.56,21.63,22.78,-1.15,-5.05,68047.23,152101.0211
20160509,002551.SZ,21.45,21.45,20.45,20.58,21.63,-1.05,-4.85,57890.88,119874.5566
20160510,002551.SZ,20.57,20.76,20.42,20.62,20.58,0.04,0.19,30560.53,63023.1345
20160511,002551.SZ,20.8,21.0,20.45,20.5,20.62,-0.12,-0.58,37413.62,77531.6592
20160512,002551.SZ,20.0,20.35,19.66,20.29,20.5,-0.21,-1.02,35326.37,70611.627
20160513,002551.SZ,20.2,20.55,19.8,19.92,20.29,-0.37,-1.82,37825.57,76104.5476
20160516,002551.SZ,19.9,20.86,19.75,20.85,19.92,0.93,4.67,48904.82,99373.7888
20160517,002551.SZ,20.75,21.98,20.22,21.33,20.85,0.48,2.3,69982.38,147167.9922
20160518,002551.SZ,21.0,21.0,20.01,20.43,21.33,-0.9,-4.22,45073.14,92197.3701
20160519,002551.SZ,20.38,21.2,20.22,20.3,20.43,-0.13,-0.64,46892.29,97057.8624
20160520,002551.SZ,20.01,20.99,20.01,20.93,20.3,0.63,3.1,42851.64,88171.5526
20160523,002551.SZ,20.93,21.81,20.93,21.68,20.93,0.75,3.58,64487.57,138489.4029
20160524,002551.SZ,21.77,21.78,21.0,21.16,21.68,-0.52,-2.4,41535.4,88089.9029
20160525,002551.SZ,21.4,21.69,21.03,21.2,21.16,0.04,0.19,38100.48,81389.103
20160526,002551.SZ,21.05,21.88,20.51,21.8,21.2,0.6,2.83,61499.25,131151.4956
20160527,002551.SZ,21.79,21.8,21.11,21.31,21.8,-0.49,-2.25,47779.56,102611.0078
20160530,002551.SZ,21.1,21.58,20.83,21.33,21.31,0.02,0.09,33926.95,72099.2119
20160531,002551.SZ,21.3,22.58,21.25,22.46,21.33,1.13,5.3,70011.57,154724.598
20160601,002551.SZ,22.48,22.68,22.26,22.31,22.46,-0.15,-0.67,50927.15,114212.4386
20160602,002551.SZ,22.2,22.67,22.17,22.56,22.31,0.25,1.12,46944.1,105204.2691
20160603,002551.SZ,22.58,22.88,22.2,22.5,22.56,-0.06,-0.27,62950.19,141852.8652
20160606,002551.SZ,22.4,22.65,22.03,22.22,22.5,-0.28,-1.24,50730.63,113233.7907
20160607,002551.SZ,22.07,22.48,21.9,22.1,22.22,-0.12,-0.54,54007.59,119506.9236
20160608,002551.SZ,21.98,22.1,21.55,21.92,22.1,-0.18,-0.81,58318.91,127138.4302
20160613,002551.SZ,21.64,21.97,20.6,20.6,21.92,-1.32,-6.02,60568.42,130849.7662
20160614,002551.SZ,20.59,20.86,20.45,20.72,20.6,0.12,0.58,33561.14,69354.3879
20160615,002551.SZ,20.4,21.56,20.26,21.33,20.72,0.61,2.94,45424.94,95940.6954
20160616,002551.SZ,21.26,21.36,20.81,20.88,21.33,-0.45,-2.11,42253.89,88852.5794
20160617,002551.SZ,20.93,21.77,20.93,21.34,20.88,0.46,2.2,62522.31,134131.5078
20160620,002551.SZ,21.71,22.49,21.51,22.29,21.34,0.95,4.45,100474.64,221896.7187
20160621,002551.SZ,22.32,22.5,21.76,21.9,22.29,-0.39,-1.75,63404.77,139667.5151
20160622,002551.SZ,21.9,23.24,21.78,23.03,21.9,1.13,5.16,103472.07,234735.555
20160623,002551.SZ,23.06,23.43,22.5,23.02,23.03,-0.01,-0.04,90674.19,207691.3849
20160624,002551.SZ,22.7,23.68,22.31,23.11,23.02,0.09,0.39,114841.72,266494.4916
20160627,002551.SZ,22.88,24.5,22.84,24.2,23.11,1.09,4.72,107720.8,256840.4607
20160628,002551.SZ,23.97,24.32,23.8,24.04,24.2,-0.16,-0.66,59305.78,142443.3654
20160629,002551.SZ,24.14,24.57,23.63,23.85,24.04,-0.19,-0.79,55918.91,134283.7784
20160630,002551.SZ,24.5,24.56,23.32,23.38,23.85,-0.47,-1.97,53013.04,125172.3878
20160701,002551.SZ,23.48,23.78,23.1,23.49,23.38,0.11,0.47,42271.74,99005.6373
20160704,002551.SZ,23.43,24.5,23.27,24.1,23.49,0.61,2.6,75883.16,182703.7475
20160705,002551.SZ,24.01,24.41,23.92,24.2,24.1,0.1,0.41,48390.91,116912.3431
20160706,002551.SZ,24.2,24.2,23.8,24.03,24.2,-0.17,-0.7,44021.28,105561.5918
20160707,002551.SZ,24.3,24.68,23.8,23.99,24.03,-0.04,-0.17,77950.45,188936.5147
20160708,002551.SZ,23.99,23.99,23.2,23.42,23.99,-0.57,-2.38,74517.86,175044.4307
20160711,002551.SZ,23.47,23.77,23.08,23.12,23.42,-0.3,-1.28,55234.44,129500.4406
20160712,002551.SZ,23.2,23.5,22.8,23.49,23.12,0.37,1.6,80182.12,185944.2459
20160713,002551.SZ,23.55,23.79,23.41,23.56,23.49,0.07,0.3,60471.1,142584.8688
20160714,002551.SZ,23.63,23.67,23.0,23.34,23.56,-0.22,-0.93,67617.72,157258.3717
20160715,002551.SZ,23.3,23.45,23.02,23.2,23.34,-0.14,-0.6,37324.98,86674.4216
20160718,002551.SZ,23.2,23.35,22.92,23.15,23.2,-0.05,-0.22,36337.24,84076.4234
20160719,002551.SZ,23.21,23.44,22.99,23.41,23.15,0.26,1.12,46981.0,108962.7907
20160720,002551.SZ,23.41,23.79,23.3,23.72,23.41,0.31,1.32,75011.52,176967.91
20160721,002551.SZ,23.7,23.76,23.42,23.52,23.72,-0.2,-0.84,53970.21,127370.2963
20160722,002551.SZ,23.51,23.59,22.78,22.8,23.52,-0.72,-3.06,66642.32,153911.9657
20160725,002551.SZ,22.8,23.1,22.52,23.06,22.8,0.26,1.14,49702.92,113521.3606
20160726,002551.SZ,22.78,23.42,22.74,23.1,23.06,0.04,0.17,77576.62,179300.9321
20160727,002551.SZ,23.14,23.15,21.11,21.66,23.1,-1.44,-6.23,103537.14,230235.9557
20160728,002551.SZ,21.68,21.68,21.0,21.35,21.66,-0.31,-1.43,57522.65,122794.499
20160729,002551.SZ,21.43,21.58,21.2,21.38,21.35,0.03,0.14,30791.6,66023.2534
20160801,002551.SZ,21.22,21.57,20.85,21.5,21.38,0.12,0.56,43667.1,92178.5387
20160802,002551.SZ,21.4,21.55,21.31,21.46,21.5,-0.04,-0.19,21124.61,45282.8888
20160803,002551.SZ,21.45,21.49,21.25,21.32,21.46,-0.14,-0.65,23449.04,50115.0865
20160804,002551.SZ,21.28,21.55,21.13,21.48,21.32,0.16,0.75,30854.06,65978.617
20160805,002551.SZ,21.49,21.5,21.24,21.25,21.48,-0.23,-1.07,21837.78,46667.1399
20160808,002551.SZ,21.26,21.44,21.0,21.43,21.25,0.18,0.85,26096.66,55461.2687
20160809,002551.SZ,21.47,21.79,21.42,21.78,21.43,0.35,1.63,34902.85,75470.8711
20160810,002551.SZ,21.8,23.07,21.8,22.42,21.78,0.64,2.94,105191.95,236844.3024
20160811,002551.SZ,22.25,22.49,21.78,21.9,22.42,-0.52,-2.32,50672.29,111864.2323
20160812,002551.SZ,21.81,22.55,21.77,22.24,21.9,0.34,1.55,47055.75,104713.8737
20160815,002551.SZ,22.27,22.79,22.27,22.64,22.24,0.4,1.8,63670.63,143833.2433
20160816,002551.SZ,22.9,23.08,22.42,22.83,22.64,0.19,0.84,84445.47,192014.4702
20160817,002551.SZ,22.75,22.95,22.52,22.85,22.83,0.02,0.09,51074.49,116215.1288
20160818,002551.SZ,22.64,22.83,22.45,22.51,22.85,-0.34,-1.49,41345.84,93475.4799
20160819,002551.SZ,22.51,22.58,22.3,22.55,22.51,0.04,0.18,28130.29,63135.2055
20160822,002551.SZ,22.64,22.81,21.99,22.03,22.55,-0.52,-2.31,59143.74,132190.5378
20160823,002551.SZ,22.03,22.24,21.9,22.05,22.03,0.02,0.09,33510.05,73854.0307
20160824,002551.SZ,22.15,22.16,21.86,22.0,22.05,-0.05,-0.23,32512.07,71663.2784
20160825,002551.SZ,21.9,22.27,21.56,22.15,22.0,0.15,0.68,40683.8,88781.2195
20160826,002551.SZ,22.15,22.56,22.07,22.15,22.15,0.0,0.0,37447.82,83562.8178
20160829,002551.SZ,22.28,23.19,22.15,23.1,22.15,0.95,4.29,116361.87,266061.7199
20160830,002551.SZ,23.04,23.23,22.75,22.88,23.1,-0.22,-0.95,56453.95,129803.7958
20160831,002551.SZ,22.9,22.92,22.62,22.92,22.88,0.04,0.17,31738.96,72189.1674
20160901,002551.SZ,22.87,22.88,22.35,22.37,22.92,-0.55,-2.4,37280.15,84240.8741
20160902,002551.SZ,22.8,23.18,22.45,22.69,22.37,0.32,1.43,82222.9,187899.781
20160905,002551.SZ,22.62,22.65,22.35,22.38,22.69,-0.31,-1.37,42981.91,96692.6468
20160906,002551.SZ,22.65,24.62,22.65,24.62,22.38,2.24,10.01,263212.77,630605.1969
20160907,002551.SZ,24.99,26.82,24.9,25.89,24.62,1.27,5.16,349101.73,894868.6626
20160908,002551.SZ,25.82,25.87,25.22,25.66,25.89,-0.23,-0.89,159320.81,407195.1
20160909,002551.SZ,25.8,26.04,25.2,25.21,25.66,-0.45,-1.75,130593.77,334204.4191
20160912,002551.SZ,24.75,25.15,24.55,24.71,25.21,-0.5,-1.98,121835.81,302513.572
20160913,002551.SZ,24.9,25.09,24.5,25.04,24.71,0.33,1.34,97832.74,242598.893
20160914,002551.SZ,24.79,24.8,23.9,24.14,25.04,-0.9,-3.59,80973.28,197353.418
20160919,002551.SZ,24.17,24.9,24.1,24.9,24.14,0.76,3.15,84417.92,206926.8447
20160920,002551.SZ,24.89,25.3,24.43,24.76,24.9,-0.14,-0.56,92283.43,229847.8131
20160921,002551.SZ,24.55,25.5,24.4,24.7,24.76,-0.06,-0.24,84313.16,210909.3569
20160922,002551.SZ,24.91,25.1,24.3,24.45,24.7,-0.25,-1.01,61741.62,151882.8463
20160923,002551.SZ,24.46,24.97,24.34,24.75,24.45,0.3,1.23,63218.69,156116.139
20160926,002551.SZ,24.75,24.83,23.61,23.62,24.75,-1.13,-4.57,69148.57,167001.7961
20160927,002551.SZ,23.55,23.95,23.22,23.93,23.62,0.31,1.31,52781.17,124285.0492
20160928,002551.SZ,23.88,23.88,23.4,23.51,23.93,-0.42,-1.76,37293.2,87984.4909
20160929,002551.SZ,23.51,24.02,23.42,23.92,23.51,0.41,1.74,43810.88,104387.7687
20160930,002551.SZ,23.74,24.04,23.74,23.9,23.92,-0.02,-0.08,27748.37,66225.834
20161010,002551.SZ,24.25,24.8,24.11,24.69,23.9,0.79,3.31,51436.28,126079.5343
20161011,002551.SZ,24.69,24.8,24.4,24.68,24.69,-0.01,-0.04,52215.68,128352.9783
20161012,002551.SZ,24.8,24.99,24.22,24.43,24.68,-0.25,-1.01,51542.46,126909.1867
20161013,002551.SZ,24.36,24.68,23.99,24.59,24.43,0.16,0.65,72338.13,176277.0282
20161014,002551.SZ,24.55,24.69,24.22,24.46,24.59,-0.13,-0.53,40514.35,99016.3073
20161017,002551.SZ,24.52,25.25,24.36,24.65,24.46,0.19,0.78,87631.4,217261.7705
20161018,002551.SZ,24.66,24.86,24.33,24.85,24.65,0.2,0.81,58241.89,143449.5854
20161019,002551.SZ,24.92,25.47,24.92,24.99,24.85,0.14,0.56,79690.46,200586.4909
20161020,002551.SZ,24.88,24.98,24.54,24.7,24.99,-0.29,-1.16,46661.44,115350.356
20161021,002551.SZ,24.65,24.65,23.73,23.98,24.7,-0.72,-2.92,78644.89,189760.9758
20161024,002551.SZ,23.96,24.11,23.62,23.88,23.98,-0.1,-0.42,62067.14,147853.6503
20161025,002551.SZ,24.0,24.18,23.63,23.93,23.88,0.05,0.21,72442.99,172556.9407
20161026,002551.SZ,24.07,24.58,23.91,24.01,23.93,0.08,0.33,101654.74,246457.068
20161027,002551.SZ,23.92,24.0,23.63,23.98,24.01,-0.03,-0.12,44049.47,104816.9249
20161028,002551.SZ,23.82,23.93,23.26,23.35,23.98,-0.63,-2.63,80050.05,188233.463
20161031,002551.SZ,23.22,23.23,22.68,22.8,23.35,-0.55,-2.36,76500.59,174914.236
20161101,002551.SZ,22.82,23.14,22.8,23.09,22.8,0.29,1.27,43962.94,101047.954
20161102,002551.SZ,23.01,23.01,22.66,22.81,23.09,-0.28,-1.21,56674.36,129132.903
20161103,002551.SZ,22.75,23.2,22.6,22.9,22.81,0.09,0.39,51644.21,118684.771
20161104,002551.SZ,22.84,23.14,22.74,22.9,22.9,0.0,0.0,38388.6,87923.138
20161107,002551.SZ,22.94,23.09,22.77,22.93,22.9,0.03,0.13,36179.57,83075.716
20161108,002551.SZ,23.09,23.14,22.9,22.99,22.93,0.06,0.26,35266.99,81072.324
20161109,002551.SZ,23.01,23.08,22.11,22.42,22.99,-0.57,-2.48,58563.85,132261.53
20161110,002551.SZ,22.61,22.77,22.57,22.62,22.42,0.2,0.89,39263.04,88975.221
20161111,002551.SZ,22.67,22.78,22.5,22.77,22.62,0.15,0.66,50229.89,113626.353
20161114,002551.SZ,22.7,23.03,22.67,22.95,22.77,0.18,0.79,52401.49,119858.446
20161115,002551.SZ,22.99,23.17,22.7,23.1,22.95,0.15,0.65,44365.24,101797.075
20161116,002551.SZ,23.15,23.24,23.01,23.03,23.1,-0.07,-0.3,43676.71,100909.164
20161117,002551.SZ,22.95,22.96,22.6,22.69,23.03,-0.34,-1.48,52807.05,119940.655
20161118,002551.SZ,22.66,22.78,22.51,22.57,22.69,-0.12,-0.53,35165.37,79560.902
20161121,002551.SZ,22.57,22.74,22.45,22.71,22.57,0.14,0.62,31735.92,71714.962
20161122,002551.SZ,22.72,22.89,22.66,22.89,22.71,0.18,0.79,44838.49,102075.149
20161123,002551.SZ,22.88,23.18,22.81,22.9,22.89,0.01,0.04,66267.01,152380.728
20161124,002551.SZ,22.8,22.95,22.51,22.56,22.9,-0.34,-1.48,39642.25,90267.839
20161125,002551.SZ,22.56,22.67,22.07,22.65,22.56,0.09,0.4,43074.64,96355.945
20161128,002551.SZ,22.71,23.08,22.55,22.89,22.65,0.24,1.06,52847.11,120879.99
20161129,002551.SZ,22.73,22.96,22.5,22.56,22.89,-0.33,-1.44,38773.28,88260.965
20161130,002551.SZ,22.5,22.77,22.41,22.56,22.56,0.0,0.0,39425.47,88879.072
20161201,002551.SZ,22.42,22.69,22.42,22.65,22.56,0.09,0.4,37905.12,85459.819
20161202,002551.SZ,22.66,22.66,22.15,22.18,22.65,-0.47,-2.08,46489.13,103670.842
20161205,002551.SZ,22.0,22.23,21.7,21.77,22.18,-0.41,-1.85,40795.89,89349.769
20161206,002551.SZ,21.88,21.95,21.59,21.64,21.77,-0.13,-0.6,31807.58,69150.788
20161207,002551.SZ,21.64,21.88,21.62,21.84,21.64,0.2,0.92,23806.44,51777.738
20161208,002551.SZ,21.88,21.92,21.64,21.67,21.84,-0.17,-0.78,17526.89,38133.689
20161209,002551.SZ,21.69,21.75,21.45,21.47,21.67,-0.2,-0.92,23529.4,50771.578
20161212,002551.SZ,21.36,21.53,19.56,19.57,21.47,-1.9,-8.85,70364.91,143854.235
20161213,002551.SZ,19.59,19.81,19.3,19.36,19.57,-0.21,-1.07,53429.56,104510.132
20161214,002551.SZ,19.29,19.42,19.12,19.16,19.36,-0.2,-1.03,44264.86,85301.968
20161215,002551.SZ,19.16,19.48,19.11,19.35,19.16,0.19,0.99,32380.37,62603.602
20161216,002551.SZ,19.38,19.75,19.3,19.71,19.35,0.36,1.86,34895.69,68456.199
20161219,002551.SZ,19.59,19.8,19.46,19.59,19.71,-0.12,-0.61,20904.96,40888.897
20161220,002551.SZ,19.58,19.7,19.45,19.7,19.59,0.11,0.56,22712.35,44472.171
20161221,002551.SZ,19.72,19.93,19.63,19.88,19.7,0.18,0.91,28036.86,55643.384
20161222,002551.SZ,19.96,19.96,19.63,19.79,19.88,-0.09,-0.45,19671.52,38863.088
20161223,002551.SZ,19.83,19.83,19.38,19.62,19.79,-0.17,-0.86,25236.22,49461.781
20161226,002551.SZ,19.49,19.7,19.17,19.61,19.62,-0.01,-0.05,23846.48,46375.502
20161227,002551.SZ,19.69,20.06,19.69,19.79,19.61,0.18,0.92,34079.24,67773.272
20161228,002551.SZ,19.78,20.04,19.7,19.87,19.79,0.08,0.4,23607.85,46939.025
20161229,002551.SZ,19.74,19.97,19.71,19.79,19.87,-0.08,-0.4,15868.6,31531.681
20161230,002551.SZ,19.87,19.97,19.83,19.91,19.79,0.12,0.61,17040.98,33906.314
20170103,002551.SZ,20.0,20.1,19.85,19.91,19.91,0.0,0.0,25762.32,51482.56
20170104,002551.SZ,19.91,20.1,19.82,20.09,19.91,0.18,0.9,27269.48,54462.826
20170105,002551.SZ,20.13,20.14,19.93,19.98,20.09,-0.11,-0.55,25584.74,51176.2
20170106,002551.SZ,19.99,19.99,19.62,19.63,19.98,-0.35,-1.75,28543.87,56338.005
20170109,002551.SZ,19.67,19.88,19.61,19.79,19.63,0.16,0.82,23463.6,46426.863
20170110,002551.SZ,19.84,19.94,19.7,19.85,19.79,0.06,0.3,22327.13,44279.566
20170111,002551.SZ,19.85,20.06,19.75,19.85,19.85,0.0,0.0,26540.46,52859.619
20170112,002551.SZ,19.97,20.16,19.8,19.8,19.85,-0.05,-0.25,25683.86,51308.224
20170113,002551.SZ,19.89,19.89,19.06,19.09,19.8,-0.71,-3.59,36985.2,71712.148
20170116,002551.SZ,19.0,19.0,17.25,17.93,19.09,-1.16,-6.08,39698.56,72758.923
20170117,002551.SZ,17.9,18.4,17.55,18.23,17.93,0.3,1.67,27575.51,49728.703
20170118,002551.SZ,18.23,18.23,17.9,18.01,18.23,-0.22,-1.21,18602.33,33556.581
20170119,002551.SZ,17.96,18.23,17.85,18.12,18.01,0.11,0.61,19810.64,35930.633
20170120,002551.SZ,18.1,18.83,18.1,18.69,18.12,0.57,3.15,24328.94,45279.345
20170123,002551.SZ,18.7,18.95,18.62,18.68,18.69,-0.01,-0.05,19189.68,35958.39
20170124,002551.SZ,18.64,18.75,18.53,18.59,18.68,-0.09,-0.48,12868.92,23945.723
20170125,002551.SZ,18.5,18.67,18.5,18.67,18.59,0.08,0.43,13162.56,24481.157
20170126,002551.SZ,18.8,18.84,18.65,18.82,18.67,0.15,0.8,11201.97,21027.341
20170203,002551.SZ,18.83,18.89,18.53,18.55,18.82,-0.27,-1.43,14757.48,27482.792
20170206,002551.SZ,18.58,18.8,18.57,18.77,18.55,0.22,1.19,14861.55,27815.099
20170207,002551.SZ,18.71,18.84,18.59,18.63,18.77,-0.14,-0.75,19797.13,37040.184
20170208,002551.SZ,18.6,18.83,18.48,18.81,18.63,0.18,0.97,19949.84,37220.504
20170209,002551.SZ,18.81,19.15,18.76,19.0,18.81,0.19,1.01,33244.43,63160.756
20170210,002551.SZ,19.0,19.09,18.82,18.92,19.0,-0.08,-0.42,22427.75,42401.514
20170213,002551.SZ,18.89,19.05,18.82,18.96,18.92,0.04,0.21,23532.99,44620.216
20170214,002551.SZ,18.91,19.02,18.67,18.72,18.96,-0.24,-1.27,31292.6,58835.326
20170215,002551.SZ,18.7,18.79,18.38,18.4,18.72,-0.32,-1.71,29255.0,54349.353
20170216,002551.SZ,18.5,18.9,18.37,18.9,18.4,0.5,2.72,32347.52,60273.256
20170217,002551.SZ,20.1,20.49,19.44,19.46,18.9,0.56,2.96,152465.42,303672.201
20170220,002551.SZ,19.28,19.46,19.01,19.43,19.46,-0.03,-0.15,69212.53,132902.292
20170221,002551.SZ,19.43,19.66,19.2,19.46,19.43,0.03,0.15,45948.98,89303.965
20170222,002551.SZ,19.58,19.58,19.33,19.36,19.46,-0.1,-0.51,43000.9,83546.117
20170223,002551.SZ,19.43,19.48,19.14,19.38,19.36,0.02,0.1,39958.0,77077.109
20170224,002551.SZ,19.44,19.44,19.2,19.28,19.38,-0.1,-0.52,45226.21,87058.822
20170227,002551.SZ,19.27,19.39,19.03,19.1,19.28,-0.18,-0.93,37465.64,72034.14
20170228,002551.SZ,18.88,18.96,18.47,18.7,19.1,-0.4,-2.09,87435.24,163272.912
20170301,002551.SZ,18.58,18.74,18.5,18.63,18.7,-0.07,-0.37,57308.02,106684.383
20170302,002551.SZ,18.67,18.73,18.42,18.46,18.63,-0.17,-0.91,47103.48,87210.531
20170303,002551.SZ,18.44,18.62,18.27,18.6,18.46,0.14,0.76,35126.16,64654.316
20170306,002551.SZ,18.59,18.74,18.43,18.71,18.6,0.11,0.59,51796.43,96568.362
20170307,002551.SZ,18.72,18.87,18.58,18.83,18.71,0.12,0.64,55769.0,104414.062
20170308,002551.SZ,18.84,18.88,18.62,18.67,18.83,-0.16,-0.85,36951.43,69131.732
20170309,002551.SZ,18.66,18.67,18.37,18.42,18.67,-0.25,-1.34,30936.59,57087.925
20170310,002551.SZ,18.4,18.49,18.28,18.31,18.42,-0.11,-0.6,38058.08,69820.733
20170313,002551.SZ,18.26,18.46,18.15,18.44,18.31,0.13,0.71,36810.76,67466.695
20170314,002551.SZ,18.48,18.48,18.24,18.33,18.44,-0.11,-0.6,31820.54,58383.403
20170315,002551.SZ,18.21,18.33,18.19,18.23,18.33,-0.1,-0.55,21571.75,39336.11
20170316,002551.SZ,18.24,18.39,18.24,18.36,18.23,0.13,0.71,40148.22,73556.211
20170317,002551.SZ,18.98,19.56,18.65,18.71,18.36,0.35,1.91,231961.5,442765.178
20170320,002551.SZ,18.51,18.89,18.5,18.78,18.71,0.07,0.37,101775.03,189793.344
20170321,002551.SZ,18.76,18.76,18.6,18.69,18.78,-0.09,-0.48,57877.34,107956.286
20170322,002551.SZ,18.65,18.65,18.4,18.5,18.69,-0.19,-1.02,58767.84,108672.663
20170323,002551.SZ,18.48,18.67,18.31,18.53,18.5,0.03,0.16,54208.59,100375.027
20170324,002551.SZ,18.54,18.58,18.27,18.39,18.53,-0.14,-0.76,63755.52,117116.609
20170327,002551.SZ,18.38,18.52,18.28,18.47,18.39,0.08,0.44,43162.74,79377.415
20170328,002551.SZ,18.44,18.57,18.35,18.42,18.47,-0.05,-0.27,34957.46,64393.282
20170329,002551.SZ,18.44,18.48,18.21,18.21,18.42,-0.21,-1.14,35344.12,64672.633
20170330,002551.SZ,18.22,18.28,17.4,17.49,18.21,-0.72,-3.95,84542.5,150169.616
20170331,002551.SZ,17.47,17.87,17.47,17.62,17.49,0.13,0.74,47079.73,82985.488
20170405,002551.SZ,17.59,17.76,17.51,17.73,17.62,0.11,0.62,61914.98,109379.207
20170406,002551.SZ,17.75,17.82,17.64,17.74,17.73,0.01,0.06,37754.05,66949.163
20170407,002551.SZ,17.73,17.82,17.68,17.7,17.74,-0.04,-0.23,37847.36,67170.395
20170410,002551.SZ,17.7,17.77,17.35,17.37,17.7,-0.33,-1.86,47838.96,83705.99
20170411,002551.SZ,17.25,17.5,17.15,17.49,17.37,0.12,0.69,49301.96,85395.71
20170412,002551.SZ,17.4,17.45,17.25,17.28,17.49,-0.21,-1.2,33106.86,57367.746
20170413,002551.SZ,17.35,17.45,17.3,17.4,17.28,0.12,0.69,28000.58,48697.805
20170414,002551.SZ,17.4,17.44,17.15,17.17,17.4,-0.23,-1.32,31886.19,54861.99
20170417,002551.SZ,17.19,17.19,16.74,16.88,17.17,-0.29,-1.69,42944.17,72633.36
20170418,002551.SZ,16.83,16.95,16.42,16.63,16.88,-0.25,-1.48,56130.07,93468.64
20170419,002551.SZ,16.5,16.54,16.11,16.26,16.63,-0.37,-2.22,52717.69,85619.759
20170420,002551.SZ,16.29,16.36,16.18,16.35,16.26,0.09,0.55,31856.11,51830.154
20170421,002551.SZ,16.35,17.49,16.3,16.66,16.35,0.31,1.9,62969.44,106343.514
20170424,002551.SZ,16.39,16.46,15.66,15.84,16.66,-0.82,-4.92,47254.56,75648.347
20170425,002551.SZ,15.84,16.12,15.81,15.84,15.84,0.0,0.0,28491.25,45439.248
20170426,002551.SZ,15.83,15.92,15.75,15.82,15.84,-0.02,-0.13,29101.03,46028.279
20170427,002551.SZ,15.77,15.91,15.3,15.86,15.82,0.04,0.25,42297.26,65911.345
20170428,002551.SZ,15.95,16.17,15.93,16.15,15.86,0.29,1.83,38817.06,62340.104
20170502,002551.SZ,16.01,16.36,16.01,16.15,16.15,0.0,0.0,29048.33,47045.964
20170503,002551.SZ,16.21,16.22,15.96,16.04,16.15,-0.11,-0.68,22306.36,35858.99
20170504,002551.SZ,16.04,16.27,15.93,16.05,16.04,0.01,0.06,32043.54,51598.13
20170505,002551.SZ,16.0,16.02,15.76,15.77,16.05,-0.28,-1.74,27757.05,44110.477
20170508,002551.SZ,15.8,15.86,15.57,15.58,15.77,-0.19,-1.2,30406.8,47756.208
20170509,002551.SZ,15.58,15.91,15.53,15.86,15.58,0.28,1.8,34592.31,54343.509
20170510,002551.SZ,15.85,15.95,15.52,15.58,15.86,-0.28,-1.77,28465.98,44908.671
20170511,002551.SZ,15.59,15.63,14.5,15.15,15.58,-0.43,-2.76,51134.03,77599.302
20170512,002551.SZ,15.03,15.18,14.9,15.01,15.15,-0.14,-0.92,24743.95,37158.638
20170515,002551.SZ,15.12,15.2,15.01,15.03,15.01,0.02,0.13,20316.66,30673.247
20170516,002551.SZ,15.03,15.5,14.81,15.49,15.03,0.46,3.06,37972.84,57686.454
20170517,002551.SZ,15.39,16.18,15.38,15.69,15.49,0.2,1.29,56230.0,88532.197
20170518,002551.SZ,16.2,16.83,15.86,15.98,15.69,0.29,1.85,118658.51,193555.842
20170519,002551.SZ,15.6,15.86,15.6,15.73,15.98,-0.25,-1.56,42096.83,66169.911
20170522,002551.SZ,15.6,16.5,15.43,16.29,15.73,0.56,3.56,125464.36,202260.24
20170523,002551.SZ,16.2,16.87,16.05,16.68,16.29,0.39,2.39,216417.92,358699.015
20170524,002551.SZ,16.35,16.67,15.73,16.67,16.68,-0.01,-0.06,117969.33,191788.368
20170525,002551.SZ,16.47,16.7,16.11,16.55,16.67,-0.12,-0.72,94484.35,155306.498
20170526,002551.SZ,16.56,17.56,16.3,17.02,16.55,0.47,2.84,149410.32,253117.89
20170531,002551.SZ,17.01,17.08,16.49,16.51,17.02,-0.51,-3.0,90430.74,152043.141
20170601,002551.SZ,16.65,16.7,15.73,15.82,16.51,-0.69,-4.18,78006.39,126331.161
20170602,002551.SZ,15.74,16.21,15.4,16.09,15.82,0.27,1.71,57862.66,91375.041
20170605,002551.SZ,16.14,16.26,16.02,16.21,16.09,0.12,0.75,44250.88,71501.65
20170606,002551.SZ,16.15,16.39,16.06,16.18,16.21,-0.03,-0.19,39848.28,64626.743
20170607,002551.SZ,16.2,16.69,16.16,16.65,16.18,0.47,2.9,65280.16,107407.128
20170608,002551.SZ,16.57,16.74,16.37,16.45,16.65,-0.2,-1.2,53860.36,89130.874
20170609,002551.SZ,16.46,16.54,16.17,16.27,16.45,-0.18,-1.09,40739.38,66346.47
20170612,002551.SZ,16.2,16.38,16.04,16.27,16.27,0.0,0.0,45796.72,74141.137
20170613,002551.SZ,16.26,16.55,16.19,16.51,16.27,0.24,1.48,43454.56,71503.351
20170614,002551.SZ,16.48,16.54,16.32,16.4,16.51,-0.11,-0.67,33634.8,55124.8
20170615,002551.SZ,16.46,16.89,16.41,16.67,16.4,0.27,1.65,61539.94,102672.557
20170616,002551.SZ,16.7,16.79,16.55,16.69,16.67,0.02,0.12,32174.37,53569.226
20170619,002551.SZ,16.69,16.81,16.62,16.74,16.69,0.05,0.3,28501.13,47667.478
20170620,002551.SZ,16.78,16.84,16.42,16.58,16.74,-0.16,-0.96,44320.78,73682.933
20170621,002551.SZ,16.6,16.67,16.32,16.43,16.58,-0.15,-0.9,33635.41,55371.645
20170622,002551.SZ,16.44,16.49,16.05,16.06,16.43,-0.37,-2.25,40626.23,66160.565
20170623,002551.SZ,15.93,16.02,15.65,15.88,16.06,-0.18,-1.12,44034.34,69680.011
20170626,002551.SZ,15.8,16.08,15.8,16.06,15.88,0.18,1.13,24462.25,39155.131
20170627,002551.SZ,16.14,16.3,16.03,16.11,16.06,0.05,0.31,26081.74,42162.111
20170628,002551.SZ,16.08,16.08,15.84,15.88,16.11,-0.23,-1.43,21449.42,34129.548
20170629,002551.SZ,15.88,16.09,15.88,15.95,15.88,0.07,0.44,16164.3,25840.715
20170630,002551.SZ,16.02,16.24,15.94,16.13,15.95,0.18,1.13,30656.11,49371.679
20170703,002551.SZ,16.08,16.37,16.06,16.37,16.13,0.24,1.49,28999.01,47075.471
20170704,002551.SZ,16.38,16.43,16.28,16.32,16.37,-0.05,-0.31,20260.13,33099.866
20170705,002551.SZ,16.34,16.5,16.28,16.49,16.32,0.17,1.04,29805.94,48842.627
20170706,002551.SZ,16.49,16.66,16.26,16.36,16.49,-0.13,-0.79,32978.4,54169.4
20170707,002551.SZ,10.75,10.94,10.71,10.84,10.83,0.01,0.09,42854.9,46522.121
20170710,002551.SZ,10.75,10.8,10.42,10.43,10.84,-0.41,-3.78,59610.17,62928.067
20170711,002551.SZ,10.4,10.49,10.35,10.36,10.43,-0.07,-0.67,28706.67,29889.252
20170712,002551.SZ,10.47,10.47,10.19,10.4,10.36,0.04,0.39,29078.07,30068.138
20170713,002551.SZ,10.37,10.42,10.29,10.32,10.4,-0.08,-0.77,27184.93,28134.336
20170714,002551.SZ,10.34,10.37,10.24,10.27,10.32,-0.05,-0.48,28105.2,28973.455
20170717,002551.SZ,10.33,10.33,9.24,9.24,10.27,-1.03,-10.03,95033.21,91479.782
20170718,002551.SZ,9.23,9.37,8.92,9.28,9.24,0.04,0.43,74246.36,68321.904
20170719,002551.SZ,9.24,9.29,9.12,9.26,9.28,-0.02,-0.22,58866.76,54230.301
20170720,002551.SZ,9.3,9.38,9.2,9.3,9.26,0.04,0.43,59552.89,55356.406
20170721,002551.SZ,9.28,9.52,9.24,9.44,9.3,0.14,1.51,60335.55,56503.914
20170724,002551.SZ,9.45,9.45,9.26,9.31,9.44,-0.13,-1.38,48206.12,44959.569
20170725,002551.SZ,9.31,9.34,9.2,9.26,9.31,-0.05,-0.54,39942.18,36996.68
20170726,002551.SZ,9.26,9.29,9.09,9.18,9.26,-0.08,-0.86,42509.1,38977.105
20170727,002551.SZ,9.18,9.47,9.13,9.44,9.18,0.26,2.83,71964.41,67230.058
20170728,002551.SZ,9.52,9.7,9.46,9.47,9.44,0.03,0.32,78169.18,74823.311
20170731,002551.SZ,9.49,9.88,9.33,9.72,9.47,0.25,2.64,83683.0,79988.158
20170801,002551.SZ,9.71,9.76,9.54,9.61,9.72,-0.11,-1.13,54915.12,52889.098
20170802,002551.SZ,9.61,9.62,9.4,9.43,9.61,-0.18,-1.87,51899.91,49123.776
20170803,002551.SZ,9.41,9.58,9.33,9.45,9.43,0.02,0.21,45430.49,43033.71
20170804,002551.SZ,9.4,9.65,9.4,9.52,9.45,0.07,0.74,66295.08,63047.746
20170807,002551.SZ,9.51,9.61,9.45,9.54,9.52,0.02,0.21,38217.6,36432.363
20170808,002551.SZ,9.56,9.6,9.47,9.58,9.54,0.04,0.42,43572.51,41534.27
20170809,002551.SZ,9.57,9.79,9.55,9.69,9.58,0.11,1.15,66770.04,64740.03
20170810,002551.SZ,9.69,9.72,9.45,9.48,9.69,-0.21,-2.17,54559.78,52124.598
20170811,002551.SZ,9.42,9.48,9.29,9.31,9.48,-0.17,-1.79,39414.38,36998.532
20170814,002551.SZ,9.31,9.57,9.31,9.56,9.31,0.25,2.69,41375.87,39303.72
20170815,002551.SZ,9.57,9.65,9.51,9.57,9.56,0.01,0.1,27403.94,26241.188
20170816,002551.SZ,9.58,9.69,9.55,9.65,9.57,0.08,0.84,44179.4,42611.008
20170817,002551.SZ,9.72,9.88,9.65,9.85,9.65,0.2,2.07,70229.09,68582.712
20170818,002551.SZ,9.77,9.84,9.66,9.7,9.85,-0.15,-1.52,50811.45,49436.114
20170821,002551.SZ,9.66,9.85,9.66,9.85,9.7,0.15,1.55,39473.3,38496.33
20170822,002551.SZ,9.98,10.08,9.71,9.79,9.85,-0.06,-0.61,77719.99,76608.863
20170823,002551.SZ,9.75,9.87,9.68,9.76,9.79,-0.03,-0.31,39752.79,38913.595
20170824,002551.SZ,9.73,9.75,9.54,9.6,9.76,-0.16,-1.64,46411.37,44811.386
20170825,002551.SZ,9.6,9.72,9.57,9.72,9.6,0.12,1.25,66636.18,64335.391
20170828,002551.SZ,9.75,9.88,9.71,9.82,9.72,0.1,1.03,61036.48,59919.069
20170829,002551.SZ,9.82,9.84,9.7,9.71,9.82,-0.11,-1.12,41479.26,40501.15
20170830,002551.SZ,9.7,9.82,9.7,9.74,9.71,0.03,0.31,33426.65,32586.483
20170831,002551.SZ,9.76,9.84,9.71,9.77,9.74,0.03,0.31,40866.98,39886.246
20170901,002551.SZ,9.75,9.83,9.72,9.82,9.77,0.05,0.51,41962.58,41003.048
20170904,002551.SZ,9.81,9.81,9.69,9.79,9.82,-0.03,-0.31,66875.67,65188.742
20170905,002551.SZ,9.78,9.94,9.74,9.9,9.79,0.11,1.12,71801.42,70671.899
20170906,002551.SZ,9.9,9.97,9.84,9.95,9.9,0.05,0.51,60640.28,60030.139
20170907,002551.SZ,9.99,10.57,9.92,10.42,9.95,0.47,4.72,261960.81,270718.091
20170908,002551.SZ,10.4,10.53,10.2,10.3,10.42,-0.12,-1.15,162674.62,168710.94
20170911,002551.SZ,10.29,10.46,10.2,10.32,10.3,0.02,0.19,83044.72,85555.709
20170912,002551.SZ,10.33,10.38,10.22,10.26,10.32,-0.06,-0.58,74663.46,76856.841
20170913,002551.SZ,10.28,10.3,10.06,10.13,10.26,-0.13,-1.27,64592.08,65427.081
20170914,002551.SZ,10.16,10.23,10.07,10.14,10.13,0.01,0.1,54097.72,54920.35
20170915,002551.SZ,10.11,10.15,10.0,10.1,10.14,-0.04,-0.39,44861.58,45171.833
20170918,002551.SZ,10.13,10.23,10.09,10.21,10.1,0.11,1.09,40063.82,40730.973
20170919,002551.SZ,10.23,10.44,10.15,10.19,10.21,-0.02,-0.2,62262.21,64225.197
20170920,002551.SZ,10.15,10.28,10.06,10.23,10.19,0.04,0.39,48333.61,49053.89
20170921,002551.SZ,10.2,10.23,9.99,9.99,10.23,-0.24,-2.35,64704.38,65282.786
20170922,002551.SZ,9.98,10.05,9.89,9.92,9.99,-0.07,-0.7,47993.53,47691.246
20170925,002551.SZ,9.92,9.96,9.69,9.73,9.92,-0.19,-1.92,45069.12,44316.423
20170926,002551.SZ,9.73,9.78,9.66,9.75,9.73,0.02,0.21,27938.07,27165.514
20170927,002551.SZ,9.77,9.86,9.74,9.78,9.75,0.03,0.31,32466.13,31776.859
20170928,002551.SZ,9.78,9.81,9.63,9.7,9.78,-0.08,-0.82,25505.54,24816.162
20170929,002551.SZ,9.73,9.81,9.7,9.78,9.7,0.08,0.82,24824.87,24223.03
20171009,002551.SZ,9.89,9.94,9.81,9.9,9.78,0.12,1.23,38842.99,38399.659
20171010,002551.SZ,9.91,10.89,9.91,10.89,9.9,0.99,10.0,165193.2,176920.916
20171011,002551.SZ,11.98,11.98,11.1,11.17,10.89,0.28,2.57,700335.7,809199.719
20171012,002551.SZ,11.15,11.27,10.78,11.05,11.17,-0.12,-1.07,419854.97,461828.469
20171013,002551.SZ,10.93,11.66,10.85,11.24,11.05,0.19,1.72,541794.11,612445.725
20171016,002551.SZ,11.0,11.0,10.54,10.61,11.24,-0.63,-5.61,280748.97,300979.774
20171017,002551.SZ,10.5,10.8,10.48,10.75,10.61,0.14,1.32,141409.15,151099.588
20171018,002551.SZ,10.74,10.95,10.52,10.53,10.75,-0.22,-2.05,187059.93,200676.384
20171019,002551.SZ,10.5,10.83,10.48,10.56,10.53,0.03,0.28,152841.56,162841.528
20171020,002551.SZ,10.56,10.57,10.3,10.52,10.56,-0.04,-0.38,125480.81,130357.471
20171023,002551.SZ,10.5,10.61,10.42,10.61,10.52,0.09,0.86,84202.68,88730.779
20171024,002551.SZ,10.65,10.69,10.29,10.41,10.61,-0.2,-1.89,108596.04,113702.866
20171025,002551.SZ,10.41,10.52,10.36,10.5,10.41,0.09,0.86,78468.73,81995.802
20171026,002551.SZ,10.48,10.52,10.35,10.51,10.5,0.01,0.1,85406.2,89254.854
20171027,002551.SZ,10.5,10.6,10.29,10.29,10.51,-0.22,-2.09,90710.66,94853.542
20171030,002551.SZ,10.24,10.29,9.8,9.85,10.29,-0.44,-4.28,123770.44,123384.719
20171031,002551.SZ,9.88,9.99,9.8,9.92,9.85,0.07,0.71,62015.02,61456.705
20171101,002551.SZ,9.95,10.02,9.89,9.9,9.92,-0.02,-0.2,52243.23,51959.271
20171102,002551.SZ,9.9,10.1,9.79,9.91,9.9,0.01,0.1,89645.64,89364.891
20171103,002551.SZ,9.83,9.9,9.61,9.68,9.91,-0.23,-2.32,73233.53,71607.629
20171106,002551.SZ,9.68,9.9,9.6,9.9,9.68,0.22,2.27,45581.06,44634.209
20171107,002551.SZ,9.9,10.1,9.84,10.06,9.9,0.16,1.62,79961.59,79790.344
20171108,002551.SZ,10.0,10.08,9.93,9.99,10.06,-0.07,-0.7,64604.21,64628.824
20171109,002551.SZ,9.98,10.03,9.93,10.02,9.99,0.03,0.3,45782.5,45753.221
20171110,002551.SZ,9.99,10.07,9.86,10.0,10.02,-0.02,-0.2,65937.5,65645.939
20171113,002551.SZ,10.0,10.04,9.93,10.01,10.0,0.01,0.1,48269.95,48202.986
20171114,002551.SZ,10.13,10.9,10.13,10.4,10.01,0.39,3.9,243009.1,255313.864
20171115,002551.SZ,10.3,10.45,10.16,10.43,10.4,0.03,0.29,113696.82,116775.482
20171116,002551.SZ,10.35,10.57,10.28,10.54,10.43,0.11,1.05,119798.62,125519.727
20171117,002551.SZ,10.5,10.54,9.95,9.95,10.54,-0.59,-5.6,126098.18,128724.573
20171120,002551.SZ,9.8,9.8,9.21,9.72,9.95,-0.23,-2.31,84656.11,81168.868
20171121,002551.SZ,9.68,9.78,9.44,9.53,9.72,-0.19,-1.95,73740.13,70611.402
20171122,002551.SZ,9.52,9.63,9.37,9.43,9.53,-0.1,-1.05,56937.31,53993.174
20171123,002551.SZ,9.44,9.55,9.25,9.27,9.43,-0.16,-1.7,53633.16,50426.168
20171124,002551.SZ,9.26,9.38,9.23,9.33,9.27,0.06,0.65,27451.98,25550.286
20171127,002551.SZ,9.33,9.37,9.24,9.27,9.33,-0.06,-0.64,26932.07,25033.235
20171128,002551.SZ,9.27,9.4,9.25,9.4,9.27,0.13,1.4,30112.92,28135.521
20171129,002551.SZ,9.35,9.49,9.28,9.48,9.4,0.08,0.85,38264.03,35853.155
20171130,002551.SZ,9.47,9.48,9.29,9.35,9.48,-0.13,-1.37,35140.57,32913.433
20171201,002551.SZ,9.28,9.7,9.28,9.46,9.35,0.11,1.18,43329.75,41249.51
20171204,002551.SZ,9.43,9.45,9.31,9.32,9.46,-0.14,-1.48,30723.44,28782.578
20171205,002551.SZ,9.28,9.34,8.95,9.02,9.32,-0.3,-3.22,62428.23,56742.383
20171206,002551.SZ,8.97,9.12,8.97,9.12,9.02,0.1,1.11,33457.5,30213.445
20171207,002551.SZ,9.17,9.18,9.05,9.09,9.12,-0.03,-0.33,22828.42,20775.535
20171208,002551.SZ,9.08,9.18,9.06,9.16,9.09,0.07,0.77,28571.36,26115.882
20171211,002551.SZ,9.13,9.32,9.1,9.28,9.16,0.12,1.31,36803.76,34034.366
20171212,002551.SZ,9.26,9.27,9.07,9.07,9.28,-0.21,-2.26,30644.38,28087.549
20171213,002551.SZ,9.07,9.15,9.05,9.15,9.07,0.08,0.88,20095.7,18308.105
20171214,002551.SZ,9.16,9.35,9.12,9.33,9.15,0.18,1.97,42639.02,39392.918
20171215,002551.SZ,9.32,9.57,9.23,9.36,9.33,0.03,0.32,62035.51,58496.206
20171218,002551.SZ,9.4,9.54,9.25,9.29,9.36,-0.07,-0.75,45263.06,42472.665
20171219,002551.SZ,9.26,9.38,9.26,9.37,9.29,0.08,0.86,25036.52,23357.835
20171220,002551.SZ,9.39,9.46,9.2,9.21,9.37,-0.16,-1.71,32205.03,29932.887
20171221,002551.SZ,9.27,9.31,9.06,9.21,9.21,0.0,0.0,33388.76,30674.324
20171222,002551.SZ,9.27,9.38,9.21,9.3,9.21,0.09,0.98,27981.56,26019.766
20171225,002551.SZ,9.27,9.33,9.1,9.12,9.3,-0.18,-1.94,25909.91,23737.687
20171226,002551.SZ,9.12,9.33,9.08,9.32,9.12,0.2,2.19,37076.01,34280.332
20171227,002551.SZ,9.24,9.37,9.15,9.19,9.32,-0.13,-1.39,28224.85,26074.811
20171228,002551.SZ,9.15,9.23,9.12,9.15,9.19,-0.04,-0.44,37315.36,34195.8
20171229,002551.SZ,9.2,9.2,9.07,9.16,9.15,0.01,0.11,32816.2,29940.998
20180102,002551.SZ,9.17,9.26,9.08,9.26,9.16,0.1,1.09,51387.07,47130.647
20180103,002551.SZ,9.24,9.38,9.17,9.36,9.26,0.1,1.08,53496.09,49734.208
20180104,002551.SZ,9.31,9.39,9.3,9.36,9.36,0.0,0.0,33615.36,31388.428
20180105,002551.SZ,9.36,9.42,9.31,9.41,9.36,0.05,0.53,44243.62,41451.337
20180108,002551.SZ,9.41,9.41,9.27,9.31,9.41,-0.1,-1.06,37517.4,34889.117
20180109,002551.SZ,9.31,9.6,9.3,9.38,9.31,0.07,0.75,72578.12,68641.293
20180110,002551.SZ,9.33,9.37,9.18,9.22,9.38,-0.16,-1.71,47833.56,44280.153
20180111,002551.SZ,9.21,9.34,9.15,9.29,9.22,0.07,0.76,33203.26,30728.11
20180112,002551.SZ,9.26,9.43,9.26,9.35,9.29,0.06,0.65,54451.42,50983.021
20180115,002551.SZ,9.33,9.33,9.1,9.14,9.35,-0.21,-2.25,35399.56,32666.73
20180116,002551.SZ,9.14,9.22,9.11,9.17,9.14,0.03,0.33,30850.29,28235.882
20180117,002551.SZ,9.17,9.17,9.01,9.12,9.17,-0.05,-0.55,44985.1,40842.322
20180118,002551.SZ,9.12,9.17,9.06,9.09,9.12,-0.03,-0.33,32979.95,30046.25
20180119,002551.SZ,9.13,9.15,9.03,9.06,9.09,-0.03,-0.33,37745.36,34298.551
20180122,002551.SZ,9.01,9.11,8.95,9.09,9.06,0.03,0.33,58895.5,53168.112
20180123,002551.SZ,9.08,9.13,9.02,9.05,9.09,-0.04,-0.44,32806.37,29716.708
20180124,002551.SZ,9.06,9.34,8.96,9.2,9.05,0.15,1.66,80235.58,73786.309
20180125,002551.SZ,9.14,9.25,9.12,9.14,9.2,-0.06,-0.65,40790.6,37448.312
20180126,002551.SZ,9.1,9.2,9.08,9.13,9.14,-0.01,-0.11,23800.41,21776.699
20180129,002551.SZ,9.17,9.17,8.99,9.01,9.13,-0.12,-1.31,35442.26,32091.506
20180130,002551.SZ,9.01,9.06,8.98,9.0,9.01,-0.01,-0.11,20823.65,18758.867
20180131,002551.SZ,9.0,9.0,8.1,8.18,9.0,-0.82,-9.11,187410.44,157632.388
20180201,002551.SZ,8.18,8.24,7.8,7.8,8.18,-0.38,-4.65,85515.32,68050.741
20180202,002551.SZ,7.85,7.85,7.55,7.71,7.8,-0.09,-1.15,43700.11,33694.763
20180205,002551.SZ,7.62,7.74,7.53,7.63,7.71,-0.08,-1.04,31270.83,23951.905
20180206,002551.SZ,7.5,7.5,6.89,6.9,7.63,-0.73,-9.57,90173.87,64957.688
20180207,002551.SZ,7.03,7.12,6.8,7.03,6.9,0.13,1.88,59215.75,41557.266
20180208,002551.SZ,7.01,7.4,7.0,7.31,7.03,0.28,3.98,62427.16,45213.816
20180209,002551.SZ,7.12,7.29,7.06,7.16,7.31,-0.15,-2.05,57708.3,41373.917
20180212,002551.SZ,7.2,7.36,7.2,7.32,7.16,0.16,2.23,26644.35,19493.869
20180213,002551.SZ,7.36,7.77,7.31,7.45,7.32,0.13,1.78,49660.05,37448.954
20180214,002551.SZ,7.38,7.45,7.3,7.42,7.45,-0.03,-0.4,21187.47,15672.482
20180222,002551.SZ,7.47,7.53,7.45,7.52,7.42,0.1,1.35,21855.85,16385.966
20180223,002551.SZ,7.52,7.52,7.41,7.48,7.52,-0.04,-0.53,20724.8,15467.662
20180226,002551.SZ,7.48,7.81,7.48,7.73,7.48,0.25,3.34,49463.88,37891.589
20180227,002551.SZ,7.79,7.85,7.7,7.71,7.73,-0.02,-0.26,47480.82,36872.363
20180228,002551.SZ,7.63,7.77,7.6,7.74,7.71,0.03,0.39,33853.4,26096.927
20180301,002551.SZ,7.66,7.88,7.66,7.86,7.74,0.12,1.55,45825.29,35800.037
20180302,002551.SZ,7.79,8.25,7.78,8.03,7.86,0.17,2.16,98052.31,79225.978
20180305,002551.SZ,8.01,8.12,7.91,8.06,8.03,0.03,0.37,50777.32,40795.211
20180306,002551.SZ,8.06,8.4,8.06,8.18,8.06,0.12,1.49,63385.61,52033.275
20180307,002551.SZ,8.13,8.21,7.99,8.01,8.18,-0.17,-2.08,44133.56,35641.937
20180308,002551.SZ,7.97,8.08,7.95,8.08,8.01,0.07,0.87,28184.82,22625.854
20180309,002551.SZ,8.08,8.21,8.07,8.17,8.08,0.09,1.11,47633.35,38822.179
20180312,002551.SZ,8.21,8.33,8.15,8.24,8.17,0.07,0.86,63332.65,52137.977
20180313,002551.SZ,8.23,8.37,8.15,8.19,8.24,-0.05,-0.61,56711.49,46798.056
20180314,002551.SZ,8.15,8.21,7.97,7.99,8.19,-0.2,-2.44,54697.99,44127.988
20180315,002551.SZ,7.96,8.05,7.85,7.95,7.99,-0.04,-0.5,39897.39,31705.102
20180316,002551.SZ,7.97,8.08,7.95,7.99,7.95,0.04,0.5,32749.34,26282.639
20180319,002551.SZ,8.02,8.15,7.97,8.04,7.99,0.05,0.63,29552.21,23865.008
20180320,002551.SZ,7.98,8.32,7.95,8.29,8.04,0.25,3.11,100381.99,82088.136
20180321,002551.SZ,8.31,8.31,8.04,8.07,8.29,-0.22,-2.65,68037.96,55633.638
20180322,002551.SZ,8.07,8.11,7.98,8.04,8.07,-0.03,-0.37,39835.71,32058.421
20180323,002551.SZ,7.75,7.83,7.29,7.43,8.04,-0.61,-7.59,82395.23,62518.716
20180326,002551.SZ,7.32,7.59,7.18,7.51,7.43,0.08,1.08,53871.67,39848.946
20180327,002551.SZ,7.58,7.84,7.56,7.72,7.51,0.21,2.8,69436.1,53574.081
20180328,002551.SZ,7.67,7.94,7.58,7.82,7.72,0.1,1.3,67212.11,52537.756
20180329,002551.SZ,7.84,8.07,7.83,7.95,7.82,0.13,1.66,58144.68,46157.955
20180330,002551.SZ,7.95,8.17,7.95,8.17,7.95,0.22,2.77,71179.81,57686.913
20180402,002551.SZ,8.2,8.23,8.09,8.14,8.17,-0.03,-0.37,55787.03,45539.727
20180403,002551.SZ,8.05,8.33,8.0,8.33,8.14,0.19,2.33,87768.79,71937.469
20180404,002551.SZ,8.35,8.42,8.0,8.03,8.33,-0.3,-3.6,104278.99,85453.891
20180409,002551.SZ,7.98,8.03,7.71,7.95,8.03,-0.08,-1.0,68186.4,53781.933
20180410,002551.SZ,7.95,8.04,7.78,7.91,7.95,-0.04,-0.5,50588.02,39885.39
20180411,002551.SZ,7.96,8.15,7.93,8.03,7.91,0.12,1.52,65843.34,53087.859
20180412,002551.SZ,8.02,8.83,8.02,8.61,8.03,0.58,7.22,355918.42,307252.652
20180413,002551.SZ,8.68,8.78,8.35,8.39,8.61,-0.22,-2.56,248377.28,211634.119
20180416,002551.SZ,8.39,8.4,8.06,8.2,8.39,-0.19,-2.26,157338.84,128746.831
20180417,002551.SZ,8.2,8.24,7.78,7.8,8.2,-0.4,-4.88,122202.14,97549.751
20180418,002551.SZ,7.87,7.91,7.6,7.9,7.8,0.1,1.28,102693.05,79555.998
20180419,002551.SZ,7.85,7.95,7.78,7.83,7.9,-0.07,-0.89,60517.93,47546.428
20180420,002551.SZ,7.83,7.85,7.56,7.58,7.83,-0.25,-3.19,52500.29,40406.576
20180423,002551.SZ,7.58,7.58,7.35,7.45,7.58,-0.13,-1.72,50116.5,37434.332
20180424,002551.SZ,7.47,7.65,7.47,7.65,7.45,0.2,2.68,44165.11,33554.237
20180425,002551.SZ,7.61,7.8,7.56,7.78,7.65,0.13,1.7,50977.61,39295.402
20180426,002551.SZ,7.76,7.77,7.48,7.48,7.78,-0.3,-3.86,56723.03,43057.843
20180427,002551.SZ,7.48,7.67,7.46,7.65,7.48,0.17,2.27,49258.3,37350.293
20180502,002551.SZ,7.67,7.77,7.57,7.77,7.65,0.12,1.57,53877.99,41499.388
20180503,002551.SZ,7.74,7.75,7.53,7.73,7.77,-0.04,-0.51,48529.06,37232.821
20180504,002551.SZ,7.68,7.86,7.64,7.77,7.73,0.04,0.52,49842.66,38611.459
20180507,002551.SZ,7.81,7.99,7.73,7.96,7.77,0.19,2.45,64434.41,50848.947
20180508,002551.SZ,7.96,8.08,7.92,8.02,7.96,0.06,0.75,63858.73,51191.38
20180509,002551.SZ,8.02,8.06,7.95,8.01,8.02,-0.01,-0.12,52225.08,41812.799
20180510,002551.SZ,8.0,8.14,8.0,8.11,8.01,0.1,1.25,57857.28,46651.309
20180511,002551.SZ,8.11,8.28,7.94,7.94,8.11,-0.17,-2.1,73575.14,59634.712
20180514,002551.SZ,7.9,8.01,7.85,7.94,7.94,0.0,0.0,47507.12,37612.987
20180515,002551.SZ,7.9,8.0,7.8,7.98,7.94,0.04,0.5,40446.21,31952.3
20180516,002551.SZ,7.93,8.18,7.93,8.05,7.98,0.07,0.88,67460.17,54389.265
20180517,002551.SZ,8.02,8.13,7.93,8.0,8.05,-0.05,-0.62,38119.98,30508.816
20180518,002551.SZ,8.0,8.04,7.84,7.96,8.0,-0.04,-0.5,34979.62,27793.23
20180521,002551.SZ,7.96,8.06,7.95,8.06,7.96,0.1,1.26,53429.13,42786.964
20180522,002551.SZ,8.1,8.1,7.97,8.01,8.06,-0.05,-0.62,45502.62,36464.987
20180523,002551.SZ,7.96,8.12,7.96,8.01,8.01,0.0,0.0,68142.49,54847.772
20180524,002551.SZ,7.98,8.05,7.93,7.97,8.01,-0.04,-0.5,51547.07,41198.126
20180525,002551.SZ,8.03,8.1,7.93,7.93,7.97,-0.04,-0.5,52975.01,42507.897
20180528,002551.SZ,7.93,7.96,7.34,7.45,7.93,-0.48,-6.05,93481.53,70968.781
20180529,002551.SZ,7.5,7.74,7.47,7.57,7.45,0.12,1.61,61016.22,46442.281
20180530,002551.SZ,7.41,7.43,7.15,7.18,7.57,-0.39,-5.15,69711.15,50982.856
20180531,002551.SZ,7.25,7.33,7.2,7.3,7.18,0.12,1.67,36532.99,26570.012
20180601,002551.SZ,7.27,7.3,7.13,7.17,7.3,-0.13,-1.78,37157.29,26812.373
20180604,002551.SZ,7.24,7.27,7.16,7.19,7.17,0.02,0.28,28024.09,20198.116
20180605,002551.SZ,7.23,7.34,7.19,7.3,7.19,0.11,1.53,30879.33,22491.562
20180606,002551.SZ,7.28,7.41,7.27,7.37,7.3,0.07,0.96,32305.09,23641.39
20180607,002551.SZ,7.39,7.39,7.26,7.27,7.37,-0.1,-1.36,29368.23,21474.295
20180608,002551.SZ,7.27,7.27,7.05,7.11,7.27,-0.16,-2.2,42594.84,30352.369
20180611,002551.SZ,7.07,7.14,6.97,7.0,7.11,-0.11,-1.55,33707.45,23729.194
20180612,002551.SZ,7.02,7.07,6.93,7.03,7.0,0.03,0.43,38017.47,26626.274
20180613,002551.SZ,7.0,7.0,6.76,6.79,7.03,-0.24,-3.41,46704.29,32071.28
20180614,002551.SZ,6.8,6.87,6.76,6.76,6.79,-0.03,-0.44,23210.4,15818.78
20180615,002551.SZ,6.79,6.82,6.43,6.51,6.76,-0.25,-3.7,48893.1,32242.502
20180619,002551.SZ,6.37,6.48,5.86,5.92,6.51,-0.59,-9.06,62587.58,38244.048
20180620,002551.SZ,5.88,6.09,5.83,6.01,5.92,0.09,1.52,40855.57,24351.263
20180621,002551.SZ,6.01,6.06,5.82,5.82,6.01,-0.19,-3.16,32892.02,19553.341
20180622,002551.SZ,5.81,6.0,5.71,5.93,5.82,0.11,1.89,28793.34,16999.881
20180625,002551.SZ,5.99,6.07,5.97,5.98,5.93,0.05,0.84,29244.48,17607.79
20180626,002551.SZ,5.89,6.08,5.83,6.07,5.98,0.09,1.51,29509.41,17755.834
20180627,002551.SZ,6.03,6.1,5.98,6.02,6.07,-0.05,-0.82,25666.04,15470.528
20180628,002551.SZ,6.0,6.06,5.88,5.91,6.02,-0.11,-1.83,29255.8,17503.086
20180629,002551.SZ,5.88,6.18,5.88,6.15,5.91,0.24,4.06,51506.83,31263.313
20180702,002551.SZ,6.1,6.16,5.95,6.0,6.1,-0.1,-1.64,40291.48,24413.534
20180703,002551.SZ,6.02,6.13,5.96,6.13,6.0,0.13,2.17,35323.82,21417.896
20180704,002551.SZ,6.13,6.13,5.85,5.91,6.13,-0.22,-3.59,58287.42,34736.918
20180705,002551.SZ,5.9,5.95,5.75,5.76,5.91,-0.15,-2.54,28997.82,16967.164
20180706,002551.SZ,5.77,5.91,5.66,5.85,5.76,0.09,1.56,38562.18,22420.622
20180709,002551.SZ,5.85,5.98,5.85,5.96,5.85,0.11,1.88,31503.38,18708.681
20180710,002551.SZ,5.98,6.09,5.89,6.05,5.96,0.09,1.51,55165.62,33132.188
20180711,002551.SZ,5.94,5.94,5.75,5.83,6.05,-0.22,-3.64,44071.25,25747.004
20180712,002551.SZ,5.85,6.02,5.8,6.01,5.83,0.18,3.09,41877.29,24971.391
20180713,002551.SZ,5.97,6.11,5.97,6.05,6.01,0.04,0.67,48473.86,29315.641
20180716,002551.SZ,6.1,6.1,6.01,6.05,6.05,0.0,0.0,33316.36,20187.365
20180717,002551.SZ,6.04,6.1,6.01,6.08,6.05,0.03,0.5,25972.41,15708.092
20180718,002551.SZ,6.08,6.14,6.04,6.04,6.08,-0.04,-0.66,35408.81,21579.898
20180719,002551.SZ,6.06,6.08,5.96,6.0,6.04,-0.04,-0.66,25747.77,15471.875
20180720,002551.SZ,5.97,6.07,5.88,6.05,6.0,0.05,0.8333,32298.54,19320.277
20180723,002551.SZ,6.01,6.02,5.82,5.96,6.05,-0.09,-1.4876,57453.56,33913.243
20180724,002551.SZ,5.91,6.28,5.9,6.26,5.96,0.3,5.0336,104557.06,64365.219
20180725,002551.SZ,6.21,6.23,6.15,6.19,6.26,-0.07,-1.1182,74366.9,45983.006
20180726,002551.SZ,6.2,6.28,6.16,6.19,6.19,0.0,0.0,63033.51,39178.282
20180727,002551.SZ,6.16,6.23,6.11,6.14,6.19,-0.05,-0.8078,42800.62,26406.368
20180730,002551.SZ,6.12,6.16,5.88,5.92,6.14,-0.22,-3.5831,65737.0,39317.169
20180731,002551.SZ,5.93,5.96,5.88,5.92,5.92,0.0,0.0,30303.81,17943.176
20180801,002551.SZ,5.95,5.97,5.81,5.82,5.92,-0.1,-1.6892,34205.72,20155.687
20180802,002551.SZ,5.8,5.81,5.47,5.61,5.82,-0.21,-3.6082,61677.34,34660.107
20180803,002551.SZ,5.61,5.65,5.53,5.54,5.61,-0.07,-1.2478,23158.38,12937.745
20180806,002551.SZ,5.54,5.58,5.42,5.46,5.54,-0.08,-1.444,25466.08,13983.17
20180807,002551.SZ,5.45,5.66,5.45,5.63,5.46,0.17,3.1136,28326.37,15721.159
20180808,002551.SZ,5.64,5.65,5.52,5.53,5.63,-0.1,-1.7762,23711.92,13261.286
20180809,002551.SZ,5.53,5.75,5.5,5.73,5.53,0.2,3.6166,43776.58,24843.173
20180810,002551.SZ,5.68,5.78,5.67,5.77,5.73,0.04,0.6981,28982.72,16594.355
20180813,002551.SZ,5.7,5.77,5.6,5.77,5.77,0.0,0.0,29098.1,16535.672
20180814,002551.SZ,6.2,6.2,5.8,5.81,5.77,0.04,0.6932,86934.28,51978.876
20180815,002551.SZ,5.74,5.8,5.61,5.63,5.81,-0.18,-3.0981,53285.77,30310.421
20180816,002551.SZ,5.57,5.67,5.51,5.58,5.63,-0.05,-0.8881,29704.08,16594.247
20180817,002551.SZ,5.62,5.65,5.51,5.52,5.58,-0.06,-1.0753,28445.57,15888.125
20180820,002551.SZ,5.52,5.61,5.47,5.6,5.52,0.08,1.4493,22860.81,12678.886
20180821,002551.SZ,5.59,5.68,5.56,5.66,5.6,0.06,1.0714,18176.87,10244.066
20180822,002551.SZ,5.66,5.66,5.58,5.59,5.66,-0.07,-1.2367,14179.19,7950.631
20180823,002551.SZ,5.57,5.64,5.57,5.61,5.59,0.02,0.3578,14198.8,7968.983
20180824,002551.SZ,5.55,5.99,5.5,5.83,5.61,0.22,3.9216,70933.42,40560.698
20180827,002551.SZ,5.78,5.84,5.68,5.83,5.83,0.0,0.0,68168.28,39390.389
20180828,002551.SZ,5.81,5.85,5.74,5.81,5.83,-0.02,-0.3431,31874.73,18436.912
20180829,002551.SZ,5.79,5.8,5.73,5.74,5.81,-0.07,-1.2048,16988.38,9773.766
20180830,002551.SZ,5.72,5.76,5.62,5.62,5.74,-0.12,-2.0906,21611.18,12292.331
20180831,002551.SZ,5.61,5.69,5.56,5.65,5.62,0.03,0.5338,30428.08,17077.63
20180903,002551.SZ,5.64,5.64,5.53,5.59,5.65,-0.06,-1.0619,23842.02,13287.159
20180904,002551.SZ,5.56,5.65,5.56,5.65,5.59,0.06,1.0733,24249.88,13626.932
20180905,002551.SZ,5.64,5.67,5.58,5.58,5.65,-0.07,-1.2389,21731.05,12220.168
20180906,002551.SZ,5.57,5.63,5.51,5.53,5.58,-0.05,-0.8961,16226.14,9035.94
20180907,002551.SZ,5.56,5.65,5.53,5.58,5.53,0.05,0.9042,18047.3,10080.505
20180910,002551.SZ,5.53,5.56,5.48,5.48,5.58,-0.1,-1.7921,16135.85,8890.019
20180911,002551.SZ,5.48,5.56,5.44,5.5,5.48,0.02,0.365,14037.77,7705.027
20180912,002551.SZ,5.51,5.58,5.48,5.53,5.5,0.03,0.5455,17277.77,9562.688
20180913,002551.SZ,5.57,5.6,5.51,5.57,5.53,0.04,0.7233,15149.03,8415.857
20180914,002551.SZ,5.57,5.61,5.52,5.59,5.57,0.02,0.3591,18047.43,10057.608
20180917,002551.SZ,5.55,5.58,5.47,5.49,5.59,-0.1,-1.7889,13013.44,7159.341
20180918,002551.SZ,5.45,5.59,5.45,5.58,5.49,0.09,1.6393,20471.34,11345.073
20180919,002551.SZ,5.58,5.66,5.54,5.62,5.58,0.04,0.7168,31421.87,17623.459
20180920,002551.SZ,5.64,5.64,5.55,5.56,5.62,-0.06,-1.0676,17191.91,9605.149
20180921,002551.SZ,5.58,5.68,5.52,5.67,5.56,0.11,1.9784,35721.75,20132.333
20180925,002551.SZ,5.65,5.69,5.62,5.62,5.67,-0.05,-0.8818,23621.03,13336.404
20180926,002551.SZ,5.62,5.66,5.6,5.61,5.62,-0.01,-0.1779,20114.16,11333.816
20180927,002551.SZ,5.62,5.77,5.59,5.59,5.61,-0.02,-0.3565,57556.95,32694.242
20180928,002551.SZ,5.61,5.68,5.52,5.66,5.59,0.07,1.2522,31224.4,17464.378
20181008,002551.SZ,5.59,5.59,5.46,5.46,5.66,-0.2,-3.5336,27416.2,15110.696
20181009,002551.SZ,5.46,5.52,5.44,5.47,5.46,0.01,0.1832,13117.34,7181.856
20181010,002551.SZ,5.5,5.52,5.3,5.4,5.47,-0.07,-1.2797,19881.47,10756.651
20181011,002551.SZ,5.21,5.25,4.9,4.93,5.4,-0.47,-8.7037,57862.28,29055.24
20181012,002551.SZ,4.89,4.91,4.63,4.86,4.93,-0.07,-1.4199,35779.87,17180.765
20181015,002551.SZ,4.99,4.99,4.38,4.66,4.86,-0.2,-4.1152,23021.96,11059.844
20181016,002551.SZ,4.67,4.75,4.6,4.6,4.66,-0.06,-1.2876,20399.8,9512.532
20181017,002551.SZ,4.65,4.73,4.55,4.64,4.6,0.04,0.8696,16993.63,7863.897
20181018,002551.SZ,4.59,4.62,4.43,4.45,4.64,-0.19,-4.0948,26830.35,12087.77
20181019,002551.SZ,4.31,4.55,4.31,4.54,4.45,0.09,2.0225,23112.57,10306.35
20181022,002551.SZ,4.59,4.82,4.57,4.76,4.54,0.22,4.8458,32665.74,15398.108
20181023,002551.SZ,4.74,4.82,4.66,4.68,4.76,-0.08,-1.6807,28350.25,13440.908
20181024,002551.SZ,4.65,4.77,4.65,4.68,4.68,0.0,0.0,26288.3,12365.436
20181025,002551.SZ,4.55,4.65,4.49,4.63,4.68,-0.05,-1.0684,27612.25,12600.948
20181026,002551.SZ,4.68,4.77,4.65,4.73,4.63,0.1,2.1598,19085.07,8971.131
20181029,002551.SZ,4.7,4.73,4.59,4.64,4.73,-0.09,-1.9027,14496.93,6767.638
