trade_date,ts_code,open,high,low,close,pre_close,change,pct_change,vol,amount
20170425,603096.SH,25.86,31.03,25.86,31.03,21.55,9.48,43.99,123.52,382.766
20170426,603096.SH,34.13,34.13,34.13,34.13,31.03,3.1,9.99,74.0,252.562
20170427,603096.SH,37.54,37.54,37.54,37.54,34.13,3.41,9.99,88.5,332.229
20170428,603096.SH,41.29,41.29,41.29,41.29,37.54,3.75,9.99,316.52,1306.911
20170502,603096.SH,45.42,45.42,45.42,45.42,41.29,4.13,10.0,678.66,3082.474
20170503,603096.SH,49.96,49.96,49.96,49.96,45.42,4.54,10.0,1174.74,5869.001
20170504,603096.SH,54.96,54.96,54.96,54.96,49.96,5.0,10.01,974.04,5353.324
20170505,603096.SH,55.56,60.0,54.1,56.18,54.96,1.22,2.22,175869.77,995531.281
20170508,603096.SH,54.0,59.71,53.58,56.28,56.18,0.1,0.18,128802.42,731466.261
20170509,603096.SH,56.7,60.8,55.14,58.47,56.28,2.19,3.89,133516.03,782128.02
20170510,603096.SH,57.5,57.99,52.62,52.62,58.47,-5.85,-10.01,117176.25,646977.863
20170511,603096.SH,49.5,51.0,47.4,49.58,52.62,-3.04,-5.78,111802.09,545231.46
20170512,603096.SH,49.0,50.5,47.7,49.8,49.58,0.22,0.44,78949.4,388275.563
20170515,603096.SH,49.78,51.35,48.33,49.08,49.8,-0.72,-1.45,83127.66,413403.055
20170516,603096.SH,48.68,49.3,46.17,49.12,49.08,0.04,0.08,80056.74,382147.634
20170517,603096.SH,48.6,50.93,48.42,50.86,49.12,1.74,3.54,84139.39,417241.963
20170518,603096.SH,49.48,50.19,47.5,47.57,50.86,-3.29,-6.47,61460.64,300945.776
20170519,603096.SH,47.6,48.2,46.35,46.53,47.57,-1.04,-2.19,50172.04,237178.217
20170522,603096.SH,45.71,45.73,42.62,42.81,46.53,-3.72,-7.99,64067.38,282899.782
20170523,603096.SH,42.6,43.33,40.73,41.04,42.81,-1.77,-4.13,39062.57,164239.107
20170524,603096.SH,41.0,42.5,40.88,41.98,41.04,0.94,2.29,33265.73,139318.607
20170525,603096.SH,41.6,42.77,40.51,42.25,41.98,0.27,0.64,40145.16,166928.333
20170526,603096.SH,42.2,44.17,42.06,43.21,42.25,0.96,2.27,36909.51,158734.043
20170531,603096.SH,44.68,46.48,43.2,43.26,43.21,0.05,0.12,43700.1,195502.333
20170601,603096.SH,42.49,42.5,40.43,40.49,43.26,-2.77,-6.4,37161.49,153890.049
20170602,603096.SH,39.95,42.11,39.7,41.71,40.49,1.22,3.01,26537.31,108648.404
20170605,603096.SH,42.55,43.37,41.9,41.98,41.71,0.27,0.65,29074.28,123941.663
20170606,603096.SH,41.0,42.29,40.72,42.23,41.98,0.25,0.6,16803.78,70098.82
20170607,603096.SH,42.1,43.86,42.01,43.6,42.23,1.37,3.24,32041.19,138492.76
20170608,603096.SH,43.35,43.68,42.24,42.74,43.6,-0.86,-1.97,34873.32,149793.321
20170609,603096.SH,42.55,43.17,42.23,43.01,42.74,0.27,0.63,17813.71,75867.221
20170612,603096.SH,42.0,42.05,40.4,40.59,43.01,-2.42,-5.63,27970.16,115285.961
20170613,603096.SH,40.98,42.71,40.9,41.79,40.59,1.2,2.96,30737.02,128882.029
20170614,603096.SH,41.7,42.44,41.5,41.92,41.79,0.13,0.31,17599.71,73798.299
20170615,603096.SH,42.01,43.37,42.01,43.23,41.92,1.31,3.13,31249.61,134178.205
20170616,603096.SH,43.2,43.43,42.6,42.66,43.23,-0.57,-1.32,18619.07,79752.08
20170619,603096.SH,42.69,43.5,42.47,43.09,42.66,0.43,1.01,16669.84,71687.171
20170620,603096.SH,43.38,43.58,42.55,42.64,43.09,-0.45,-1.04,14325.68,61601.061
20170621,603096.SH,42.66,42.89,41.52,42.17,42.64,-0.47,-1.1,18105.11,76239.56
20170622,603096.SH,41.78,41.92,40.4,40.49,41.81,-1.32,-3.16,19935.52,82075.604
20170623,603096.SH,40.71,41.1,39.71,41.04,40.49,0.55,1.36,16924.63,68313.303
20170626,603096.SH,41.0,41.2,40.54,41.04,41.04,0.0,0.0,18121.05,74169.719
20170627,603096.SH,41.26,41.35,40.69,41.08,41.04,0.04,0.1,15861.78,65122.283
20170628,603096.SH,40.83,40.88,40.0,40.36,41.08,-0.72,-1.75,14475.06,58335.802
20170629,603096.SH,40.23,40.69,40.2,40.44,40.36,0.08,0.2,10145.34,41042.575
20170630,603096.SH,40.42,42.49,40.11,42.38,40.44,1.94,4.8,30421.3,126454.979
20170703,603096.SH,42.38,44.5,41.82,43.95,42.38,1.57,3.7,36860.13,159623.914
20170704,603096.SH,43.6,43.98,43.08,43.6,43.95,-0.35,-0.8,22220.63,96730.103
20170705,603096.SH,43.55,44.97,43.41,44.01,43.6,0.41,0.94,28241.65,124915.267
20170706,603096.SH,43.75,45.28,43.0,44.96,44.01,0.95,2.16,30369.25,135202.714
20170707,603096.SH,44.78,45.49,44.6,44.71,44.96,-0.25,-0.56,20257.63,91181.685
20170710,603096.SH,44.01,44.09,42.79,42.93,44.71,-1.78,-3.98,16551.3,71691.266
20170711,603096.SH,42.6,43.75,42.6,42.92,42.93,-0.01,-0.02,15164.29,65638.553
20170712,603096.SH,42.88,43.45,41.05,42.49,42.92,-0.43,-1.0,16752.89,70234.785
20170713,603096.SH,42.35,42.5,41.39,41.66,42.49,-0.83,-1.95,8906.82,37225.915
20170714,603096.SH,41.66,42.36,41.4,41.66,41.66,0.0,0.0,9176.25,38438.53
20170717,603096.SH,41.29,43.6,39.35,40.32,41.66,-1.34,-3.22,31800.76,133488.077
20170718,603096.SH,40.32,41.57,40.01,41.42,40.32,1.1,2.73,19597.4,80471.039
20170719,603096.SH,40.95,41.39,39.53,40.45,41.42,-0.97,-2.34,18350.25,73823.59
20170720,603096.SH,40.23,41.5,40.09,41.31,40.45,0.86,2.13,14607.35,59792.65
20170721,603096.SH,40.94,41.21,40.36,40.54,41.31,-0.77,-1.86,11032.28,44949.548
20170724,603096.SH,40.0,40.22,39.01,39.9,40.54,-0.64,-1.58,19638.72,77864.316
20170725,603096.SH,39.61,40.08,39.21,39.41,39.9,-0.49,-1.23,11691.83,46312.988
20170726,603096.SH,39.41,39.67,38.51,38.81,39.41,-0.6,-1.52,10822.9,42250.941
20170727,603096.SH,38.84,42.69,38.42,42.69,38.81,3.88,10.0,34582.12,140968.736
20170728,603096.SH,43.31,43.49,42.29,42.33,42.69,-0.36,-0.84,18648.06,79857.627
20170731,603096.SH,42.0,42.38,41.01,41.8,42.33,-0.53,-1.25,22292.6,92773.836
20170801,603096.SH,41.51,42.05,41.01,41.4,41.8,-0.4,-0.96,13890.97,57666.128
20170802,603096.SH,41.5,42.44,40.95,41.03,41.4,-0.37,-0.89,13675.2,57120.616
20170803,603096.SH,40.78,41.97,40.6,40.63,41.03,-0.4,-0.97,13757.09,56581.22
20170804,603096.SH,40.56,41.3,40.28,40.58,40.63,-0.05,-0.12,10387.59,42402.822
20170807,603096.SH,40.62,41.35,40.62,41.3,40.58,0.72,1.77,10127.11,41662.3
20170808,603096.SH,41.2,41.38,40.31,41.09,41.3,-0.21,-0.51,10727.03,43862.581
20170809,603096.SH,40.92,42.65,40.69,42.02,41.09,0.93,2.26,14748.33,61794.875
20170810,603096.SH,42.05,43.35,41.9,42.47,42.02,0.45,1.07,15400.37,65518.59
20170811,603096.SH,42.12,43.29,41.83,43.0,42.47,0.53,1.25,17609.3,75234.667
20170814,603096.SH,47.0,47.3,45.65,47.3,43.0,4.3,10.0,38188.5,179810.893
20170815,603096.SH,47.5,50.6,47.5,48.85,47.3,1.55,3.28,49674.71,245459.113
20170816,603096.SH,48.7,52.99,48.02,51.84,48.85,2.99,6.12,43647.64,223511.13
20170817,603096.SH,51.28,51.9,50.01,51.62,51.84,-0.22,-0.42,25577.53,131453.89
20170818,603096.SH,51.77,54.9,51.1,51.97,51.62,0.35,0.68,22420.37,119053.913
20170821,603096.SH,52.95,53.0,51.12,52.01,51.97,0.04,0.08,15122.18,78407.999
20170822,603096.SH,51.5,54.29,51.5,53.4,52.01,1.39,2.67,19268.68,102157.067
20170823,603096.SH,52.72,53.36,51.25,51.3,53.4,-2.1,-3.93,13719.7,71494.382
20170824,603096.SH,51.1,51.83,50.22,50.31,51.3,-0.99,-1.93,12496.05,63237.19
20170825,603096.SH,50.69,51.39,49.92,51.03,50.31,0.72,1.43,6890.12,34863.916
20170828,603096.SH,50.75,53.5,50.71,53.34,51.03,2.31,4.53,16885.28,89153.309
20170829,603096.SH,53.0,53.3,51.58,51.82,53.34,-1.52,-2.85,17218.1,89863.712
20170830,603096.SH,51.3,54.75,51.3,54.56,51.82,2.74,5.29,19088.46,101889.524
20170831,603096.SH,53.3,60.02,53.2,57.92,54.56,3.36,6.16,34369.38,198833.585
20170901,603096.SH,57.53,57.53,56.24,57.4,57.92,-0.52,-0.9,19581.94,111469.64
20170904,603096.SH,57.39,58.88,55.7,55.99,57.4,-1.41,-2.46,17375.86,99649.157
20170905,603096.SH,56.0,59.2,55.99,57.47,55.99,1.48,2.64,16720.87,96768.791
20170906,603096.SH,56.6,58.5,56.02,57.62,57.47,0.15,0.26,12626.38,72165.06
20170907,603096.SH,56.85,60.0,56.8,57.58,57.62,-0.04,-0.07,16677.15,97882.639
20170908,603096.SH,56.58,60.3,56.58,58.14,57.58,0.56,0.97,21032.94,123566.876
20170911,603096.SH,58.73,63.8,58.16,62.63,58.14,4.49,7.72,25332.02,154838.561
20170912,603096.SH,62.5,62.95,59.5,59.85,62.63,-2.78,-4.44,21117.24,128771.193
20170913,603096.SH,60.16,62.37,59.8,61.26,59.85,1.41,2.36,10026.89,61463.083
20170914,603096.SH,61.0,64.47,60.05,63.76,61.26,2.5,4.08,14514.68,91008.83
20170915,603096.SH,62.9,63.5,60.5,61.31,63.76,-2.45,-3.84,14123.95,87263.357
20170918,603096.SH,60.5,62.26,60.05,60.52,61.31,-0.79,-1.29,6840.49,41736.712
20170919,603096.SH,60.7,61.72,58.66,59.25,60.52,-1.27,-2.1,9088.6,54772.218
20170920,603096.SH,58.81,59.86,58.29,59.22,59.25,-0.03,-0.05,7702.53,45553.931
20170921,603096.SH,59.68,61.68,59.04,60.05,59.22,0.83,1.4,10564.96,63826.217
20170922,603096.SH,59.94,60.28,58.27,59.84,60.05,-0.21,-0.35,9006.24,53228.388
20170925,603096.SH,59.64,63.5,59.21,62.51,59.84,2.67,4.46,16906.01,104986.003
20170926,603096.SH,62.35,62.96,60.5,62.41,62.51,-0.1,-0.16,10101.63,62188.278
20170927,603096.SH,61.75,63.38,61.61,62.82,62.41,0.41,0.66,6719.0,42109.033
20170928,603096.SH,62.79,63.5,61.78,61.87,62.82,-0.95,-1.51,5280.29,32990.296
20170929,603096.SH,61.66,62.58,59.49,60.08,61.87,-1.79,-2.89,12310.48,74705.414
20171009,603096.SH,61.3,65.98,60.3,63.84,60.08,3.76,6.26,15228.6,96407.505
20171010,603096.SH,64.52,65.48,62.7,63.67,63.84,-0.17,-0.27,8114.82,51710.837
20171011,603096.SH,63.67,66.5,63.03,65.42,63.67,1.75,2.75,10616.81,69008.728
20171012,603096.SH,64.8,71.5,64.66,69.79,65.42,4.37,6.68,18217.85,124682.464
20171013,603096.SH,69.2,70.39,67.8,70.0,69.79,0.21,0.3,9414.59,65089.06
20171016,603096.SH,69.52,70.45,65.0,66.5,70.0,-3.5,-5.0,11924.25,80462.647
20171017,603096.SH,65.74,68.84,65.74,67.68,66.5,1.18,1.77,5712.49,38618.913
20171018,603096.SH,67.82,67.82,63.17,63.88,67.68,-3.8,-5.61,15989.41,103387.833
20171019,603096.SH,63.79,63.84,60.06,63.3,63.88,-0.58,-0.91,12876.65,79790.41
20171020,603096.SH,62.22,64.6,62.22,64.41,63.3,1.11,1.75,6909.2,43933.236
20171023,603096.SH,64.48,66.63,63.0,65.39,64.41,0.98,1.52,6831.51,44536.348
20171024,603096.SH,65.03,66.79,64.44,64.67,65.39,-0.72,-1.1,4800.06,31473.808
20171025,603096.SH,64.88,67.89,64.68,67.41,64.67,2.74,4.24,9485.03,63488.592
20171026,603096.SH,67.95,69.69,66.8,67.61,67.41,0.2,0.3,8007.83,54195.301
20171027,603096.SH,68.0,69.35,65.0,65.43,67.61,-2.18,-3.22,13770.06,92219.403
20171030,603096.SH,65.42,66.49,64.02,65.33,65.43,-0.1,-0.15,8460.04,55483.774
20171031,603096.SH,65.33,67.95,65.1,67.3,65.33,1.97,3.02,11220.92,74972.078
20171101,603096.SH,67.03,69.0,66.98,68.54,67.3,1.24,1.84,11428.35,77597.751
20171102,603096.SH,68.33,68.33,66.11,66.54,68.54,-2.0,-2.92,9059.71,60688.517
20171103,603096.SH,66.54,69.48,66.11,68.93,66.54,2.39,3.59,15931.49,108448.377
20171106,603096.SH,70.34,70.48,67.0,69.83,68.93,0.9,1.31,8208.72,57003.392
20171107,603096.SH,69.9,70.3,68.76,70.15,69.83,0.32,0.46,5743.63,39809.812
20171108,603096.SH,70.86,73.98,70.86,71.96,70.15,1.81,2.58,15282.37,110714.011
20171109,603096.SH,70.94,71.87,69.65,70.7,71.96,-1.26,-1.75,9420.13,66426.664
20171110,603096.SH,70.03,73.8,69.35,71.92,70.7,1.22,1.73,10787.89,78109.696
20171113,603096.SH,72.6,73.49,71.32,73.32,71.92,1.4,1.95,10104.62,73484.448
20171114,603096.SH,72.94,74.95,72.51,72.7,73.32,-0.62,-0.85,8480.92,62503.567
20171115,603096.SH,72.98,72.98,67.73,70.11,72.7,-2.59,-3.56,11094.75,77256.823
20171116,603096.SH,70.01,71.37,69.1,69.67,70.11,-0.44,-0.63,6497.97,45784.998
20171117,603096.SH,69.58,69.58,64.39,67.7,69.67,-1.97,-2.83,8268.81,56061.142
20171120,603096.SH,68.31,68.68,66.72,68.02,67.7,0.32,0.47,5073.01,34333.389
20171121,603096.SH,68.26,70.46,66.66,69.98,68.02,1.96,2.88,7618.93,52174.211
20171122,603096.SH,69.34,70.14,67.51,68.49,69.98,-1.49,-2.13,5621.27,38699.409
20171123,603096.SH,68.49,68.49,63.51,63.78,68.49,-4.71,-6.88,8509.98,56218.561
20171124,603096.SH,62.7,65.5,62.7,63.76,63.78,-0.02,-0.03,7260.2,46672.083
20171127,603096.SH,63.5,63.5,59.57,60.3,63.76,-3.46,-5.43,5884.0,36306.962
20171128,603096.SH,60.23,62.13,60.23,61.05,60.3,0.75,1.24,5407.86,33134.929
20171129,603096.SH,60.51,61.66,59.5,61.19,61.05,0.14,0.23,8533.09,51436.946
20171130,603096.SH,61.18,63.48,60.31,62.4,61.19,1.21,1.98,5487.64,34288.763
20171201,603096.SH,61.75,65.99,61.75,64.68,62.4,2.28,3.65,8139.69,52632.235
20171204,603096.SH,64.01,65.05,61.0,62.38,64.68,-2.3,-3.56,6531.32,41666.429
20171205,603096.SH,61.0,64.26,60.0,60.97,62.38,-1.41,-2.26,5195.98,31963.606
20171206,603096.SH,61.54,62.47,60.68,61.94,60.97,0.97,1.59,7709.55,47614.966
20171207,603096.SH,61.22,62.25,60.0,60.39,61.94,-1.55,-2.5,4661.8,28389.535
20171208,603096.SH,60.38,63.38,59.71,62.59,60.39,2.2,3.64,5034.0,31311.496
20171211,603096.SH,61.99,67.24,61.99,66.25,62.59,3.66,5.85,9116.24,59433.619
20171212,603096.SH,65.6,67.2,65.21,65.29,66.25,-0.96,-1.45,7704.93,50940.067
20171213,603096.SH,65.88,66.99,65.3,66.93,65.29,1.64,2.51,7256.95,48026.244
20171214,603096.SH,66.25,69.2,66.25,68.99,66.93,2.06,3.08,7103.93,48508.243
20171215,603096.SH,69.41,69.41,66.0,67.41,68.99,-1.58,-2.29,5923.53,39937.714
20171218,603096.SH,67.41,67.79,64.8,65.87,67.41,-1.54,-2.28,3599.52,23689.988
20171219,603096.SH,65.5,66.8,65.0,65.35,65.87,-0.52,-0.79,5746.13,37737.424
20171220,603096.SH,65.35,65.39,64.0,64.86,65.35,-0.49,-0.75,3082.97,19894.125
20171221,603096.SH,64.52,65.5,64.13,64.84,64.86,-0.02,-0.03,4586.01,29823.563
20171222,603096.SH,65.17,67.5,64.51,67.11,64.84,2.27,3.5,6819.43,45160.728
20171225,603096.SH,67.0,67.05,60.4,62.54,67.11,-4.57,-6.81,13272.86,83815.633
20171226,603096.SH,62.65,65.3,62.45,65.08,62.54,2.54,4.06,6238.92,39897.305
20171227,603096.SH,65.67,65.98,63.81,63.98,65.08,-1.1,-1.69,4920.99,31982.614
20171228,603096.SH,64.0,65.78,63.0,65.41,63.98,1.43,2.24,3650.5,23666.031
20171229,603096.SH,65.5,67.5,65.1,67.27,65.41,1.86,2.84,7082.74,47234.779
20180102,603096.SH,66.93,68.3,66.28,67.78,67.27,0.51,0.76,3643.7,24677.026
20180103,603096.SH,67.5,68.0,65.0,65.62,67.78,-2.16,-3.19,5579.86,36899.011
20180104,603096.SH,65.9,66.3,63.8,64.42,65.62,-1.2,-1.83,4987.58,32295.588
20180105,603096.SH,64.01,64.91,62.47,63.25,64.42,-1.17,-1.82,7394.79,46788.232
20180108,603096.SH,63.41,63.6,60.66,61.61,63.25,-1.64,-2.59,7343.19,45149.685
20180109,603096.SH,61.3,62.09,60.85,61.54,61.61,-0.07,-0.11,8716.21,53438.203
20180110,603096.SH,61.6,62.15,59.01,59.59,61.54,-1.95,-3.17,9502.87,57852.501
20180111,603096.SH,59.4,64.06,59.01,63.23,59.59,3.64,6.11,9946.56,61858.245
20180112,603096.SH,63.01,63.69,62.52,62.82,63.23,-0.41,-0.65,3847.92,24291.092
20180115,603096.SH,62.22,63.43,60.6,61.22,62.82,-1.6,-2.55,7401.0,45350.229
20180116,603096.SH,61.0,62.33,60.73,61.31,61.22,0.09,0.15,3565.64,21899.085
20180117,603096.SH,60.92,62.8,59.68,62.48,61.31,1.17,1.91,4782.3,29245.616
20180118,603096.SH,62.22,62.22,60.6,60.98,62.48,-1.5,-2.4,3049.59,18638.977
20180119,603096.SH,60.5,61.49,60.0,60.01,60.98,-0.97,-1.59,2912.28,17617.313
20180122,603096.SH,60.05,62.09,58.96,61.55,60.01,1.54,2.57,5655.57,34559.513
20180123,603096.SH,61.55,62.29,61.54,61.83,61.55,0.28,0.45,3256.39,20132.743
20180124,603096.SH,61.6,65.24,61.18,63.87,61.83,2.04,3.3,9396.73,59869.469
20180125,603096.SH,63.1,66.89,63.1,64.88,63.87,1.01,1.58,9531.7,62820.744
20180126,603096.SH,64.48,65.8,62.52,62.58,64.88,-2.3,-3.55,7331.26,46935.671
20180129,603096.SH,63.64,64.2,62.01,62.57,62.58,-0.01,-0.02,4358.13,27565.16
20180130,603096.SH,63.1,65.38,62.21,65.1,62.57,2.53,4.04,9261.12,59995.067
20180131,603096.SH,64.71,65.64,62.5,64.22,65.1,-0.88,-1.35,4503.84,28724.527
20180201,603096.SH,64.2,64.68,61.17,62.2,64.22,-2.02,-3.15,6032.58,37798.401
20180202,603096.SH,62.18,63.45,60.3,62.54,62.2,0.34,0.55,2657.0,16609.756
20180205,603096.SH,61.7,62.08,60.6,61.18,62.54,-1.36,-2.17,3352.05,20471.805
20180206,603096.SH,60.0,62.0,59.5,59.61,61.18,-1.57,-2.57,4279.51,25889.1
20180207,603096.SH,60.12,60.99,57.9,60.57,59.61,0.96,1.61,5857.22,34682.196
20180208,603096.SH,60.0,61.75,59.22,60.36,60.57,-0.21,-0.35,2472.24,15007.747
20180209,603096.SH,60.0,61.58,56.0,60.79,60.36,0.43,0.71,5991.68,35287.971
20180212,603096.SH,60.79,61.38,60.0,61.36,60.79,0.57,0.94,3168.52,19263.83
20180213,603096.SH,61.39,62.5,60.63,62.39,61.36,1.03,1.68,3365.78,20871.61
20180214,603096.SH,62.55,62.75,61.78,62.48,62.39,0.09,0.14,1406.02,8766.79
20180222,603096.SH,63.3,64.15,63.0,63.88,62.48,1.4,2.24,2859.26,18238.306
20180223,603096.SH,63.88,64.96,63.06,63.33,63.88,-0.55,-0.86,2316.01,14835.673
20180226,603096.SH,63.5,64.93,63.0,64.33,63.33,1.0,1.58,2596.93,16654.697
20180227,603096.SH,63.99,67.02,62.2,65.63,64.33,1.3,2.02,4432.95,29102.71
20180228,603096.SH,66.04,70.27,65.45,69.26,65.63,3.63,5.53,8823.77,60235.151
20180301,603096.SH,68.8,70.5,67.9,68.89,69.26,-0.37,-0.53,9149.75,63087.222
20180302,603096.SH,68.6,69.3,67.25,68.08,68.89,-0.81,-1.18,3212.82,21930.15
20180305,603096.SH,67.99,71.28,67.99,70.0,68.08,1.92,2.82,6256.78,43806.331
20180306,603096.SH,69.86,73.66,69.5,71.74,70.0,1.74,2.49,5581.5,40189.545
20180307,603096.SH,72.0,72.0,69.25,69.81,71.74,-1.93,-2.69,5105.51,35737.952
20180308,603096.SH,70.0,70.43,69.12,69.77,69.81,-0.04,-0.06,3160.0,22050.15
20180309,603096.SH,69.91,73.5,69.91,72.45,69.77,2.68,3.84,5115.7,36907.622
20180312,603096.SH,72.45,76.0,71.67,75.26,72.45,2.81,3.88,8111.42,60161.925
20180313,603096.SH,75.01,80.0,75.0,77.98,75.26,2.72,3.61,9614.28,74778.968
20180314,603096.SH,77.8,78.76,74.0,74.89,77.98,-3.09,-3.96,5261.01,40257.994
20180315,603096.SH,76.0,76.0,72.6,72.96,74.89,-1.93,-2.58,8138.54,59876.631
20180316,603096.SH,73.19,74.46,72.01,72.73,72.96,-0.23,-0.32,6275.64,45871.754
20180319,603096.SH,73.1,76.78,72.72,76.01,72.73,3.28,4.51,5015.0,37867.789
20180320,603096.SH,75.75,76.75,74.2,74.65,76.01,-1.36,-1.79,3951.0,29564.261
20180321,603096.SH,74.77,75.18,73.33,73.99,74.65,-0.66,-0.88,2495.52,18579.598
20180322,603096.SH,74.98,75.38,69.7,70.0,73.99,-3.99,-5.39,8357.7,59713.958
20180323,603096.SH,68.75,72.66,66.6,70.12,70.0,0.12,0.17,10520.14,73483.646
20180326,603096.SH,69.49,72.88,68.5,72.59,70.12,2.47,3.52,5014.97,35934.167
20180327,603096.SH,73.1,75.95,72.31,73.97,72.59,1.38,1.9,5190.05,38721.15
20180328,603096.SH,74.68,75.55,73.05,73.55,73.97,-0.42,-0.57,6636.64,49180.217
20180329,603096.SH,73.54,74.9,70.01,70.63,73.55,-2.92,-3.97,9461.98,69067.663
20180330,603096.SH,69.0,77.69,69.0,77.69,70.63,7.06,10.0,13263.23,100142.748
20180402,603096.SH,81.2,81.99,77.31,78.28,77.69,0.59,0.76,11300.98,88986.74
20180403,603096.SH,79.12,79.12,76.15,76.61,78.28,-1.67,-2.13,8280.84,63911.585
20180404,603096.SH,77.5,77.7,73.5,74.31,76.61,-2.3,-3.0,8348.46,63096.162
20180409,603096.SH,74.28,78.58,73.5,77.5,74.31,3.19,4.29,7962.33,61280.544
20180410,603096.SH,77.5,81.45,77.5,80.8,77.5,3.3,4.26,9498.17,75720.949
20180411,603096.SH,78.9,82.98,78.9,79.61,80.8,-1.19,-1.47,4748.38,38388.294
20180412,603096.SH,80.31,81.63,78.2,78.96,79.61,-0.65,-0.82,5933.46,47490.006
20180413,603096.SH,79.83,79.83,76.58,78.03,78.96,-0.93,-1.18,6659.81,51604.924
20180416,603096.SH,78.65,80.79,76.2,78.6,78.03,0.57,0.73,8864.96,69581.582
20180417,603096.SH,79.0,81.77,77.85,78.39,78.6,-0.21,-0.27,5504.42,43845.43
20180418,603096.SH,80.0,80.2,76.01,79.31,78.39,0.92,1.17,9286.83,72247.757
20180419,603096.SH,78.99,81.5,77.5,81.43,79.31,2.12,2.67,7837.05,63066.4
20180420,603096.SH,80.86,82.45,79.0,79.8,81.43,-1.63,-2.0,5188.33,41945.146
20180423,603096.SH,79.87,82.68,76.8,78.12,79.8,-1.68,-2.11,7919.42,62432.107
20180424,603096.SH,78.0,79.48,76.58,78.08,78.12,-0.04,-0.05,3877.85,30255.727
20180425,603096.SH,77.5,78.77,74.82,75.85,78.08,-2.23,-2.86,8717.07,66329.349
20180426,603096.SH,76.35,79.49,76.0,77.09,75.85,1.24,1.63,5685.19,44268.15
20180427,603096.SH,76.25,78.79,76.25,77.92,77.09,0.83,1.08,2708.32,21106.251
20180502,603096.SH,76.08,79.8,74.55,78.21,77.92,0.29,0.37,9241.77,71796.528
20180503,603096.SH,77.97,79.23,75.5,77.5,78.21,-0.71,-0.91,6089.4,46837.435
20180504,603096.SH,76.24,84.48,76.24,83.91,77.5,6.41,8.27,9311.01,75113.938
20180507,603096.SH,83.34,86.77,82.52,85.18,83.91,1.27,1.51,4459.4,37658.708
20180508,603096.SH,85.18,85.98,84.24,85.11,85.18,-0.07,-0.08,3976.35,33854.915
20180509,603096.SH,84.99,88.6,84.28,87.14,85.11,2.03,2.39,4302.81,37401.523
20180510,603096.SH,86.8,89.8,86.01,86.92,87.14,-0.22,-0.25,5343.82,47108.594
20180511,603096.SH,86.7,89.78,85.61,87.06,86.92,0.14,0.16,4078.0,35615.977
20180514,603096.SH,88.0,89.5,86.66,87.77,86.46,1.31,1.52,2980.22,26088.823
20180515,603096.SH,87.77,95.97,87.77,94.75,87.77,6.98,7.95,5520.25,50893.279
20180516,603096.SH,94.0,98.5,91.05,91.65,94.75,-3.1,-3.27,8982.05,84203.149
20180517,603096.SH,92.58,92.86,88.91,89.53,91.65,-2.12,-2.31,4528.59,40775.846
20180518,603096.SH,90.16,91.42,89.12,89.55,89.53,0.02,0.02,3526.0,31766.034
20180521,603096.SH,89.1,94.25,89.1,91.04,89.55,1.49,1.66,4423.0,40755.332
20180522,603096.SH,91.05,95.3,90.96,92.01,91.04,0.97,1.07,3251.1,29985.209
20180523,603096.SH,92.44,93.98,89.66,90.95,92.01,-1.06,-1.15,4322.28,39313.502
20180524,603096.SH,91.11,92.85,89.1,89.75,90.95,-1.2,-1.32,2976.79,27015.376
20180525,603096.SH,89.0,90.29,85.09,88.66,89.75,-1.09,-1.21,6757.97,58893.73
20180528,603096.SH,88.66,88.88,86.0,86.99,88.66,-1.67,-1.88,4574.52,39904.031
20180529,603096.SH,86.0,91.0,85.54,87.86,86.99,0.87,1.0,4384.48,39044.253
20180530,603096.SH,87.7,88.66,83.2,87.26,87.86,-0.6,-0.68,4337.1,37405.757
20180531,603096.SH,86.95,88.98,86.17,87.88,87.26,0.62,0.71,3806.76,33592.7
20180601,603096.SH,87.86,88.68,84.8,86.1,87.88,-1.78,-2.03,5033.18,43280.571
20180604,603096.SH,86.0,88.0,82.52,86.03,86.1,-0.07,-0.08,9138.52,76317.067
20180605,603096.SH,85.19,86.49,84.08,85.68,86.03,-0.35,-0.41,5478.04,46722.608
20180606,603096.SH,85.81,90.0,85.59,88.01,85.68,2.33,2.72,7035.84,61959.101
20180607,603096.SH,87.7,88.65,84.6,85.46,88.01,-2.55,-2.9,4267.76,36654.987
20180608,603096.SH,85.0,85.79,83.5,85.48,85.46,0.02,0.02,4103.5,34616.722
20180611,603096.SH,85.91,88.18,85.04,85.66,85.48,0.18,0.21,4488.95,38913.408
20180612,603096.SH,85.66,89.89,84.59,89.73,85.66,4.07,4.75,3362.79,29404.946
20180613,603096.SH,89.73,91.99,88.51,89.31,89.73,-0.42,-0.47,2904.06,26297.705
20180614,603096.SH,89.31,90.75,87.64,90.69,89.31,1.38,1.55,1200.79,10706.874
20180615,603096.SH,90.69,91.15,87.68,90.06,90.69,-0.63,-0.69,2764.06,24757.542
20180619,603096.SH,88.7,89.65,84.0,85.2,90.06,-4.86,-5.4,5005.95,42897.539
20180620,603096.SH,85.0,85.45,83.76,84.38,85.2,-0.82,-0.96,4512.46,38174.403
20180621,603096.SH,84.15,85.94,81.03,81.3,84.38,-3.08,-3.65,5051.28,42282.615
20180622,603096.SH,80.9,83.58,74.01,81.13,81.3,-0.17,-0.21,5535.87,44556.853
20180625,603096.SH,81.51,83.27,79.06,81.33,81.13,0.2,0.25,1469.39,11936.784
20180626,603096.SH,79.13,81.97,79.1,81.16,81.33,-0.17,-0.21,1782.0,14453.455
20180627,603096.SH,82.1,83.7,81.2,82.0,81.16,0.84,1.04,2860.93,23655.407
20180628,603096.SH,82.98,82.98,79.1,79.23,82.0,-2.77,-3.38,1627.54,13188.24
20180629,603096.SH,79.25,84.7,78.59,83.78,79.23,4.55,5.74,2189.61,17943.602
20180702,603096.SH,83.0,86.2,82.01,85.1,83.78,1.32,1.58,1560.27,13284.042
20180703,603096.SH,85.7,87.2,84.36,87.12,85.1,2.02,2.37,1684.22,14480.774
20180704,603096.SH,86.5,87.59,85.3,86.26,87.12,-0.86,-0.99,1033.67,8924.794
20180705,603096.SH,84.99,87.08,82.06,84.9,86.26,-1.36,-1.58,3781.37,32120.877
20180706,603096.SH,83.38,86.1,82.67,84.15,84.9,-0.75,-0.88,2030.0,17130.223
20180709,603096.SH,82.47,86.86,82.47,85.81,84.15,1.66,1.97,1358.0,11607.954
20180710,603096.SH,85.84,89.39,85.81,88.4,85.81,2.59,3.02,2983.95,26297.241
20180711,603096.SH,86.58,88.26,86.58,87.86,88.4,-0.54,-0.61,575.0,5042.051
20180712,603096.SH,88.11,96.03,86.88,92.65,87.86,4.79,5.45,2700.53,25117.126
20180713,603096.SH,94.2,95.29,90.5,92.46,92.65,-0.19,-0.21,1931.44,17856.088
20180716,603096.SH,92.46,96.5,90.8,95.94,92.46,3.48,3.76,1845.6,17271.387
20180717,603096.SH,93.81,96.8,92.04,95.68,95.94,-0.26,-0.27,1309.21,12341.74
20180718,603096.SH,95.5,104.93,94.03,99.99,95.68,4.31,4.5,4921.07,49354.575
20180719,603096.SH,99.92,101.9,98.24,100.22,99.99,0.23,0.23,2632.39,26298.099
20180720,603096.SH,99.25,100.21,95.71,96.39,100.22,-3.83,-3.8216,3704.54,36162.69
20180723,603096.SH,95.94,98.8,86.75,88.07,96.39,-8.32,-8.6316,11715.11,105875.996
20180724,603096.SH,87.8,91.6,87.04,89.11,88.07,1.04,1.1809,6321.33,57054.418
20180725,603096.SH,88.63,98.02,88.63,93.81,89.11,4.7,5.2744,4758.87,44710.78
20180726,603096.SH,94.22,94.47,91.08,91.56,93.81,-2.25,-2.3985,1738.0,15981.961
20180727,603096.SH,92.5,92.99,88.18,91.23,91.56,-0.33,-0.3604,3249.04,29586.308
20180730,603096.SH,90.97,90.97,85.21,85.74,91.23,-5.49,-6.0178,4450.0,38795.416
20180731,603096.SH,86.09,88.8,84.12,85.97,85.74,0.23,0.2683,4694.78,40422.897
20180801,603096.SH,85.22,87.61,82.23,83.58,85.97,-2.39,-2.78,6715.0,55885.088
20180802,603096.SH,82.24,83.48,76.66,79.11,83.58,-4.47,-5.3482,7903.48,62994.342
20180803,603096.SH,78.16,82.63,77.0,77.94,79.11,-1.17,-1.479,6767.01,53877.124
20180806,603096.SH,78.3,79.4,74.18,77.21,77.94,-0.73,-0.9366,5342.68,41323.59
20180807,603096.SH,76.74,78.9,75.02,77.65,77.21,0.44,0.5699,3277.35,25141.528
20180808,603096.SH,76.12,76.65,74.19,74.58,77.65,-3.07,-3.9536,6971.15,52253.323
20180809,603096.SH,73.39,76.6,72.0,74.99,74.58,0.41,0.5497,7740.65,57962.146
20180810,603096.SH,74.8,74.8,67.72,72.08,74.99,-2.91,-3.8805,11660.95,82898.095
20180813,603096.SH,71.0,72.07,69.63,71.0,72.08,-1.08,-1.4983,8191.54,58375.933
20180814,603096.SH,72.25,72.75,71.23,71.4,71.0,0.4,0.5634,5112.98,36756.891
20180815,603096.SH,70.23,71.48,68.8,69.44,71.4,-1.96,-2.7451,3490.12,24349.033
20180816,603096.SH,68.32,72.99,68.2,70.05,69.44,0.61,0.8785,2543.3,17855.953
20180817,603096.SH,70.0,71.89,70.0,71.13,70.05,1.08,1.5418,3148.23,22346.892
20180820,603096.SH,71.13,72.66,69.53,72.53,71.13,1.4,1.9682,4153.64,29629.466
20180821,603096.SH,72.55,75.15,71.5,74.8,72.53,2.27,3.1297,4351.92,32127.819
20180822,603096.SH,71.88,75.88,71.88,75.0,74.8,0.2,0.2674,7166.72,53133.323
20180823,603096.SH,74.68,77.77,72.61,77.22,75.0,2.22,2.96,2869.3,21914.504
20180824,603096.SH,77.08,79.99,76.0,79.35,77.22,2.13,2.7584,3092.56,24444.498
20180827,603096.SH,79.41,80.8,77.77,78.2,79.35,-1.15,-1.4493,4883.41,38729.212
20180828,603096.SH,77.71,78.68,76.46,78.65,78.2,0.45,0.5754,2779.0,21585.759
20180829,603096.SH,77.12,78.19,76.5,76.67,78.65,-1.98,-2.5175,3203.0,24757.244
20180830,603096.SH,76.93,77.46,74.79,75.01,76.67,-1.66,-2.1651,3484.5,26270.788
20180831,603096.SH,75.5,78.6,74.58,75.65,75.01,0.64,0.8532,1980.39,15183.968
20180903,603096.SH,76.97,78.29,73.53,74.24,75.65,-1.41,-1.8638,2530.81,18929.634
20180904,603096.SH,74.64,77.61,73.68,77.05,74.24,2.81,3.785,3411.23,25826.2
20180905,603096.SH,77.05,77.07,75.0,75.3,77.05,-1.75,-2.2713,2374.89,18031.533
20180906,603096.SH,74.0,75.8,72.17,75.0,75.3,-0.3,-0.3984,1929.78,14345.382
20180907,603096.SH,75.75,75.75,73.73,75.37,75.0,0.37,0.4933,1194.0,8955.614
20180910,603096.SH,75.8,75.8,69.01,69.5,75.37,-5.87,-7.7882,7949.44,56707.259
20180911,603096.SH,69.37,74.28,67.5,73.5,69.5,4.0,5.7554,4166.91,29793.918
20180912,603096.SH,72.5,73.63,71.59,71.8,73.5,-1.7,-2.3129,1697.38,12283.794
20180913,603096.SH,72.76,72.99,66.1,68.5,71.8,-3.3,-4.5961,5524.76,37518.222
20180914,603096.SH,67.83,68.19,65.26,66.85,68.5,-1.65,-2.4088,5624.76,37542.04
20180917,603096.SH,66.1,66.49,61.96,62.25,66.85,-4.6,-6.8811,5720.55,36401.808
20180918,603096.SH,61.99,64.4,61.65,63.99,62.25,1.74,2.7952,4020.23,25370.306
20180919,603096.SH,64.25,67.6,63.62,64.85,63.99,0.86,1.344,3569.67,23343.584
20180920,603096.SH,65.1,65.8,63.0,63.79,64.85,-1.06,-1.6345,5982.93,38444.655
20180921,603096.SH,64.01,65.8,63.77,65.14,63.79,1.35,2.1163,5239.0,34032.636
20180925,603096.SH,63.67,66.4,63.67,64.95,65.14,-0.19,-0.2917,2915.56,19090.044
20180926,603096.SH,64.86,65.57,64.17,64.98,64.95,0.03,0.0462,2717.2,17672.795
20180927,603096.SH,65.44,65.44,64.55,64.91,64.98,-0.07,-0.1077,1982.0,12890.091
20180928,603096.SH,64.7,66.47,64.0,65.95,64.91,1.04,1.6022,2252.33,14661.528
20181008,603096.SH,65.8,65.88,62.3,63.0,65.95,-2.95,-4.4731,1265.21,8055.103
20181009,603096.SH,62.0,63.34,59.1,61.02,63.0,-1.98,-3.1429,4745.69,29033.387
20181010,603096.SH,60.59,62.68,60.59,61.85,61.02,0.83,1.3602,4448.08,27488.706
20181011,603096.SH,60.99,62.67,57.1,60.0,61.85,-1.85,-2.9911,3366.16,19988.946
20181012,603096.SH,59.01,63.49,58.49,60.63,60.0,0.63,1.05,2800.32,17042.992
20181015,603096.SH,60.01,61.58,59.04,59.95,60.63,-0.68,-1.1216,1754.0,10495.917
20181016,603096.SH,59.75,60.81,57.5,59.2,59.95,-0.75,-1.251,1694.77,9981.548
20181017,603096.SH,58.61,58.96,54.0,58.74,59.2,-0.46,-0.777,3770.37,21567.551
20181018,603096.SH,58.0,58.5,55.37,58.5,58.74,-0.24,-0.4086,1962.25,11177.742
20181019,603096.SH,56.42,60.03,56.0,59.51,58.5,1.01,1.7265,2730.56,15940.442
20181022,603096.SH,59.51,64.39,59.0,62.0,59.51,2.49,4.1842,2444.4,15157.723
20181023,603096.SH,61.8,62.57,59.01,60.14,62.0,-1.86,-3.0,1793.56,10859.912
20181024,603096.SH,59.91,59.98,57.82,58.31,60.14,-1.83,-3.0429,920.51,5419.548
20181025,603096.SH,57.0,58.0,54.8,56.8,58.31,-1.51,-2.5896,2637.4,14877.024
20181026,603096.SH,57.0,57.75,54.4,56.47,56.8,-0.33,-0.581,2584.7,14415.31
20181029,603096.SH,56.2,56.2,52.09,55.21,56.47,-1.26,-2.2313,3924.94,21281.335
